7	17	21	19	6	3600	4	1
7	17	22	14	0	0	1	1
7	18	21	6	6	3600	4	1
7	18	22	27	0	0	1	1
7	19	20	55	6	3600	4	1
7	19	21	39	9	3600	4	1
7	19	21	54	6	3600	4	1
7	19	22	28	0	0	1	1
7	20	20	47	6	3600	4	1
7	20	21	15	9	3600	4	1
7	20	22	19	6	3600	4	1
7	20	22	47	0	0	1	1
7	21	20	39	6	3600	4	1
7	21	21	2	9	3600	4	1
7	21	22	32	6	3600	4	1
7	21	22	55	0	0	1	1
7	22	20	31	6	3600	4	1
7	22	20	51	9	3600	4	1
7	22	21	24	13	3600	4	1
7	22	22	9	9	3600	4	1
7	22	22	42	6	3600	4	1
7	22	23	2	0	0	1	1
7	23	20	25	6	3600	4	1
7	23	20	42	9	3600	4	1
7	23	21	7	13	3600	4	1
7	23	22	26	9	3600	4	1
7	23	22	51	6	3600	4	1
7	23	23	9	0	0	1	1
7	24	20	18	6	3600	4	1
7	24	20	34	9	3600	4	1
7	24	20	55	13	3600	4	1
7	24	21	36	18	3600	4	1
7	24	21	57	13	3600	4	1
7	24	22	38	9	3600	4	1
7	24	22	59	6	3600	4	1
7	24	23	16	0	0	1	1
7	25	20	12	6	3600	4	1
7	25	20	27	9	3600	4	1
7	25	20	45	13	3600	4	1
7	25	21	12	18	3600	4	1
7	25	22	22	13	3600	4	1
7	25	22	48	9	3600	4	1
7	25	23	7	6	3600	4	1
7	25	23	22	0	0	1	1
7	26	20	6	6	3600	4	1
7	26	20	20	9	3600	4	1
7	26	20	37	13	3600	4	1
7	26	20	58	18	3600	4	1
7	26	22	35	13	3600	4	1
7	26	22	57	9	3600	4	1
7	26	23	14	6	3600	4	1
7	26	23	28	0	0	1	1
7	27	20	0	6	3600	4	1
7	27	20	13	9	3600	4	1
7	27	20	29	13	3600	4	1
7	27	20	47	18	3600	4	1
7	27	21	16	35	3600	4	1
7	27	22	18	18	3600	4	1
7	27	22	46	13	3600	4	1
7	27	23	5	9	3600	4	1
7	27	23	20	6	3600	4	1
7	27	23	34	0	0	1	1
7	28	19	55	6	3600	4	1
7	28	20	7	9	3600	4	1
7	28	20	21	13	3600	4	1
7	28	20	38	18	3600	4	1
7	28	21	0	35	3600	4	1
7	28	22	33	18	3600	4	1
7	28	22	56	13	3600	4	1
7	28	23	13	9	3600	4	1
7	28	23	27	6	3600	4	1
7	28	23	39	0	0	1	1
7	29	19	49	6	3600	4	1
7	29	20	1	9	3600	4	1
7	29	20	14	13	3600	4	1
7	29	20	30	18	3600	4	1
7	29	20	49	35	3600	4	1
7	29	21	18	60	3600	4	1
7	29	22	16	35	3600	4	1
7	29	22	45	18	3600	4	1
7	29	23	4	13	3600	4	1
7	29	23	19	9	3600	4	1
7	29	23	33	6	3600	4	1
7	29	23	45	0	0	1	1
7	30	19	44	6	3600	4	1
7	30	19	55	9	3600	4	1
7	30	20	8	13	3600	4	1
7	30	20	22	18	3600	4	1
7	30	20	39	35	3600	4	1
7	30	21	1	60	3600	4	1
7	30	22	32	35	3600	4	1
7	30	22	55	18	3600	4	1
7	30	23	12	13	3600	4	1
7	30	23	26	9	3600	4	1
7	30	23	39	6	3600	4	1
7	30	23	50	0	0	1	1
7	31	19	38	6	3600	4	1
7	31	19	49	9	3600	4	1
7	31	20	1	13	3600	4	1
7	31	20	14	18	3600	4	1
7	31	20	30	35	3600	4	1
7	31	20	49	60	3600	4	1
7	31	21	18	100	3600	4	1
7	31	22	15	60	3600	4	1
7	31	22	45	35	3600	4	1
7	31	23	4	18	3600	4	1
7	31	23	19	13	3600	4	1
7	31	23	32	9	3600	4	1
7	31	23	44	6	3600	4	1
7	31	23	55	0	0	1	1
8	1	19	33	6	3600	4	1
8	1	19	44	9	3600	4	1
8	1	19	55	13	3600	4	1
8	1	20	8	18	3600	4	1
8	1	20	22	35	3600	4	1
8	1	20	39	60	3600	4	1
8	1	21	1	100	3600	4	1
8	1	22	32	60	3600	4	1
8	1	22	55	35	3600	4	1
8	1	23	12	18	3600	4	1
8	1	23	26	13	3600	4	1
8	1	23	38	9	3600	4	1
8	1	23	50	6	3600	4	1
8	2	0	0	0	0	1	1
8	2	19	28	6	3600	4	1
8	2	19	38	9	3600	4	1
8	2	19	49	13	3600	4	1
8	2	20	1	18	3600	4	1
8	2	20	14	35	3600	4	1
8	2	20	29	60	3600	4	1
8	2	20	48	100	3600	4	1
8	2	21	17	200	3600	4	1
8	2	22	16	100	3600	4	1
8	2	22	45	60	3600	4	1
8	2	23	4	35	3600	4	1
8	2	23	19	18	3600	4	1
8	2	23	32	13	3600	4	1
8	2	23	44	9	3600	4	1
8	2	23	55	6	3600	4	1
8	3	0	5	0	0	1	1
8	3	19	23	6	3600	4	1
8	3	19	33	9	3600	4	1
8	3	19	43	13	3600	4	1
8	3	19	55	18	3600	4	1
8	3	20	7	35	3600	4	1
8	3	20	21	60	3600	4	1
8	3	20	38	100	3600	4	1
8	3	21	0	200	3600	4	1
8	3	22	34	100	3600	4	1
8	3	22	55	60	3600	4	1
8	3	23	12	35	3600	4	1
8	3	23	26	18	3600	4	1
8	3	23	39	13	3600	4	1
8	3	23	50	9	3600	4	1
8	4	0	0	6	3600	4	1
8	4	0	10	0	0	1	1
8	4	19	18	6	3600	4	1
8	4	19	28	9	3600	4	1
8	4	19	38	13	3600	4	1
8	4	19	48	18	3600	4	1
8	4	20	0	35	3600	4	1
8	4	20	13	60	3600	4	1
8	4	20	28	100	3600	4	1
8	4	20	47	200	3600	4	1
8	4	21	14	440	3600	4	1
8	4	22	19	200	3600	4	1
8	4	22	46	100	3600	4	1
8	4	23	5	60	3600	4	1
8	4	23	20	35	3600	4	1
8	4	23	33	18	3600	4	1
8	4	23	45	13	3600	4	1
8	4	23	55	9	3600	4	1
8	5	0	5	6	3600	4	1
8	5	0	15	0	0	1	1
8	5	19	13	6	3600	4	1
8	5	19	22	9	3600	4	1
8	5	19	32	13	3600	4	1
8	5	19	42	18	3600	4	1
8	5	19	54	35	3600	4	1
8	5	20	6	60	3600	4	1
8	5	20	20	100	3600	4	1
8	5	20	36	200	3600	4	1
8	5	20	57	440	3600	4	1
8	5	22	35	200	3600	4	1
8	5	22	57	100	3600	4	1
8	5	23	13	60	3600	4	1
8	5	23	27	35	3600	4	1
8	5	23	39	18	3600	4	1
8	5	23	50	13	3600	4	1
8	6	0	1	9	3600	4	1
8	6	0	10	6	3600	4	1
8	6	0	19	0	0	1	1
8	6	19	8	6	3600	4	1
8	6	19	17	9	3600	4	1
8	6	19	27	13	3600	4	1
8	6	19	37	18	3600	4	1
8	6	19	47	35	3600	4	1
8	6	19	59	60	3600	4	1
8	6	20	12	100	3600	4	1
8	6	20	27	200	3600	4	1
8	6	20	45	440	3600	4	1
8	6	21	10	700	3600	4	1
8	6	22	22	440	3600	4	1
8	6	22	48	200	3600	4	1
8	6	23	6	100	3600	4	1
8	6	23	21	60	3600	4	1
8	6	23	34	35	3600	4	1
8	6	23	45	18	3600	4	1
8	6	23	56	13	3600	4	1
8	7	0	6	9	3600	4	1
8	7	0	15	6	3600	4	1
8	7	0	24	0	0	1	1
8	7	19	4	6	3600	4	1
8	7	19	12	9	3600	4	1
8	7	19	21	13	3600	4	1
8	7	19	31	18	3600	4	1
8	7	19	41	35	3600	4	1
8	7	19	52	60	3600	4	1
8	7	20	4	100	3600	4	1
8	7	20	18	200	3600	4	1
8	7	20	34	440	3600	4	1
8	7	20	54	700	3600	4	1
8	7	21	32	1100	3600	4	1
8	7	22	1	700	3600	4	1
8	7	22	38	440	3600	4	1
8	7	22	58	200	3600	4	1
8	7	23	14	100	3600	4	1
8	7	23	28	60	3600	4	1
8	7	23	40	35	3600	4	1
8	7	23	51	18	3600	4	1
8	8	0	1	13	3600	4	1
8	8	0	11	9	3600	4	1
8	8	0	20	6	3600	4	1
8	8	0	29	0	0	1	1
8	8	18	59	6	3600	4	1
8	8	19	7	9	3600	4	1
8	8	19	16	13	3600	4	1
8	8	19	25	18	3600	4	1
8	8	19	35	35	3600	4	1
8	8	19	46	60	3600	4	1
8	8	19	57	100	3600	4	1
8	8	20	10	200	3600	4	1
8	8	20	24	440	3600	4	1
8	8	20	42	700	3600	4	1
8	8	21	6	1100	3600	4	1
8	8	22	26	700	3600	4	1
8	8	22	50	440	3600	4	1
8	8	23	8	200	3600	4	1
8	8	23	22	100	3600	4	1
8	8	23	35	60	3600	4	1
8	8	23	46	35	3600	4	1
8	8	23	57	18	3600	4	1
8	9	0	7	13	3600	4	1
8	9	0	16	9	3600	4	1
8	9	0	25	6	3600	4	1
8	9	0	33	0	0	1	1
8	9	18	54	6	3600	4	1
8	9	19	2	9	3600	4	1
8	9	19	11	13	3600	4	1
8	9	19	20	18	3600	4	1
8	9	19	29	35	3600	4	1
8	9	19	40	60	3600	4	1
8	9	19	50	100	3600	4	1
8	9	20	2	200	3600	4	1
8	9	20	16	440	3600	4	1
8	9	20	31	700	3600	4	1
8	9	20	50	1100	3600	4	1
8	9	21	22	1800	3600	4	1
8	9	22	10	1100	3600	4	1
8	9	22	41	700	3600	4	1
8	9	23	1	440	3600	4	1
8	9	23	16	200	3600	4	1
8	9	23	29	100	3600	4	1
8	9	23	41	60	3600	4	1
8	9	23	52	35	3600	4	1
8	10	0	2	18	3600	4	1
8	10	0	12	13	3600	4	1
8	10	0	21	9	3600	4	1
8	10	0	29	6	3600	4	1
8	10	0	38	0	0	1	1
8	10	18	49	6	3600	4	1
8	10	18	58	9	3600	4	1
8	10	19	6	13	3600	4	1
8	10	19	15	18	3600	4	1
8	10	19	24	35	3600	4	1
8	10	19	33	60	3600	4	1
8	10	19	44	100	3600	4	1
8	10	19	55	200	3600	4	1
8	10	20	7	440	3600	4	1
8	10	20	22	700	3600	4	1
8	10	20	38	1100	3600	4	1
8	10	21	0	1800	3600	4	1
8	10	22	31	1100	3600	4	1
8	10	22	53	700	3600	4	1
8	10	23	10	440	3600	4	1
8	10	23	24	200	3600	4	1
8	10	23	36	100	3600	4	1
8	10	23	48	60	3600	4	1
8	10	23	58	35	3600	4	1
8	11	0	7	18	3600	4	1
8	11	0	17	13	3600	4	1
8	11	0	26	9	3600	4	1
8	11	0	34	6	3600	4	1
8	11	0	42	0	0	1	1
8	11	18	45	6	3600	4	1
8	11	18	53	9	3600	4	1
8	11	19	1	13	3600	4	1
8	11	19	9	18	3600	4	1
8	11	19	18	35	3600	4	1
8	11	19	28	60	3600	4	1
8	11	19	38	100	3600	4	1
8	11	19	48	200	3600	4	1
8	11	20	0	440	3600	4	1
8	11	20	13	700	3600	4	1
8	11	20	28	1100	3600	4	1
8	11	20	46	1800	3600	4	1
8	11	21	13	1800	3650	4	1
8	11	22	18	1800	3600	4	1
8	11	22	45	1100	3600	4	1
8	11	23	3	700	3600	4	1
8	11	23	18	440	3600	4	1
8	11	23	31	200	3600	4	1
8	11	23	43	100	3600	4	1
8	11	23	54	60	3600	4	1
8	12	0	4	35	3600	4	1
8	12	0	13	18	3600	4	1
8	12	0	22	13	3600	4	1
8	12	0	30	9	3600	4	1
8	12	0	39	6	3600	4	1
8	12	0	46	0	0	1	1
8	12	18	40	6	3600	4	1
8	12	18	48	9	3600	4	1
8	12	18	56	13	3600	4	1
8	12	19	4	18	3600	4	1
8	12	19	13	45	3600	4	1
8	12	19	22	60	3600	4	1
8	12	19	31	100	3600	4	1
8	12	19	42	200	3600	4	1
8	12	19	53	440	3600	4	1
8	12	20	5	700	3600	4	1
8	12	20	18	1100	3600	4	1
8	12	20	34	1800	3600	4	1
8	12	20	55	1800	3650	4	1
8	12	21	36	1800	3700	4	1
8	12	21	54	1800	3650	4	1
8	12	22	36	1800	3600	4	1
8	12	22	56	1100	3600	4	1
8	12	23	12	700	3600	4	1
8	12	23	26	440	3600	4	1
8	12	23	38	200	3600	4	1
8	12	23	49	100	3600	4	1
8	12	23	59	60	3600	4	1
8	13	0	9	35	3600	4	1
8	13	0	18	18	3600	4	1
8	13	0	27	13	3600	4	1
8	13	0	35	9	3600	4	1
8	13	0	43	6	3600	4	1
8	13	0	51	0	0	1	1
8	13	18	36	6	3600	4	1
8	13	18	43	9	3600	4	1
8	13	18	51	13	3600	4	1
8	13	18	59	18	3600	4	1
8	13	19	7	35	3600	4	1
8	13	19	16	60	3600	4	1
8	13	19	25	100	3600	4	1
8	13	19	35	200	3600	4	1
8	13	19	46	440	3600	4	1
8	13	19	57	700	3600	4	1
8	13	20	10	1100	3600	4	1
8	13	20	24	1800	3600	4	1
8	13	20	41	1800	3650	4	1
8	13	21	5	1800	3700	4	1
8	13	22	25	1800	3650	4	1
8	13	22	49	1800	3600	4	1
8	13	23	6	1100	3600	4	1
8	13	23	21	700	3600	4	1
8	13	23	33	440	3600	4	1
8	13	23	45	200	3600	4	1
8	13	23	55	100	3600	4	1
8	14	0	5	60	3600	4	1
8	14	0	14	35	3600	4	1
8	14	0	23	18	3600	4	1
8	14	0	31	13	3600	4	1
8	14	0	40	9	3600	4	1
8	14	0	47	6	3600	4	1
8	14	0	55	0	0	1	1
8	14	18	31	6	3600	4	1
8	14	18	38	9	3600	4	1
8	14	18	46	13	3600	4	1
8	14	18	54	18	3600	4	1
8	14	19	2	35	3600	4	1
8	14	19	11	60	3600	4	1
8	14	19	20	100	3600	4	1
8	14	19	29	200	3600	4	1
8	14	19	39	440	3600	4	1
8	14	19	50	700	3600	4	1
8	14	20	2	1100	3600	4	1
8	14	20	15	1800	3600	4	1
8	14	20	30	1800	3650	4	1
8	14	20	49	1800	3700	4	1
8	14	22	41	1800	3650	4	1
8	14	23	0	1800	3600	4	1
8	14	23	15	1100	3600	4	1
8	14	23	28	700	3600	4	1
8	14	23	40	440	3600	4	1
8	14	23	51	200	3600	4	1
8	15	0	1	100	3600	4	1
8	15	0	11	60	3600	4	1
8	15	0	19	35	3600	4	1
8	15	0	28	18	3600	4	1
8	15	0	36	13	3600	4	1
8	15	0	44	9	3600	4	1
8	15	0	52	6	3600	4	1
8	15	0	59	0	0	1	1
8	15	18	27	6	3600	4	1
8	15	18	34	9	3600	4	1
8	15	18	41	13	3600	4	1
8	15	18	49	18	3600	4	1
8	15	18	57	35	3600	4	1
8	15	19	5	60	3600	4	1
8	15	19	14	100	3600	4	1
8	15	19	23	200	3600	4	1
8	15	19	33	440	3600	4	1
8	15	19	44	700	3600	4	1
8	15	19	54	1100	3600	4	1
8	15	20	6	1800	3600	4	1
8	15	20	20	1800	3650	4	1
8	15	20	36	1800	3700	4	1
8	15	22	53	1800	3650	4	1
8	15	23	10	1800	3600	4	1
8	15	23	23	1100	3600	4	1
8	15	23	36	700	3600	4	1
8	15	23	47	440	3600	4	1
8	15	23	57	200	3600	4	1
8	16	0	7	100	3600	4	1
8	16	0	16	60	3600	4	1
8	16	0	25	35	3600	4	1
8	16	0	33	18	3600	4	1
8	16	0	41	13	3600	4	1
8	16	0	49	9	3600	4	1
8	16	0	56	6	3600	4	1
8	16	1	3	0	0	1	1
8	16	18	22	6	3600	4	1
8	16	18	29	9	3600	4	1
8	16	18	36	13	3600	4	1
8	16	18	44	18	3600	4	1
8	16	18	52	35	3600	4	1
8	16	19	0	60	3600	4	1
8	16	19	8	100	3600	4	1
8	16	19	17	200	3600	4	1
8	16	19	26	440	3600	4	1
8	16	19	36	700	3600	4	1
8	16	19	47	1100	3600	4	1
8	16	19	58	1800	3600	4	1
8	16	20	11	1800	3650	4	1
8	16	20	26	1800	3700	4	1
8	16	23	4	1800	3650	4	1
8	16	23	18	1800	3600	4	1
8	16	23	31	1100	3600	4	1
8	16	23	43	700	3600	4	1
8	16	23	53	440	3600	4	1
8	17	0	3	200	3600	4	1
8	17	0	12	100	3600	4	1
8	17	0	21	60	3600	4	1
8	17	0	29	35	3600	4	1
8	17	0	38	18	3600	4	1
8	17	0	45	13	3600	4	1
8	17	0	53	9	3600	4	1
8	17	1	0	6	3600	4	1
8	17	1	7	0	0	1	1
8	17	18	18	6	3600	4	1
8	17	18	25	9	3600	4	1
8	17	18	32	13	3600	4	1
8	17	18	39	18	3600	4	1
8	17	18	47	35	3600	4	1
8	17	18	55	60	3600	4	1
8	17	19	3	100	3600	4	1
8	17	19	11	200	3600	4	1
8	17	19	20	440	3600	4	1
8	17	19	30	700	3600	4	1
8	17	19	40	1100	3600	4	1
8	17	19	51	1800	3600	4	1
8	17	20	2	1800	3650	4	1
8	17	20	16	1800	3700	4	1
8	17	23	13	1800	3650	4	1
8	17	23	26	1800	3600	4	1
8	17	23	38	1100	3600	4	1
8	17	23	49	700	3600	4	1
8	17	23	59	440	3600	4	1
8	18	0	9	200	3600	4	1
8	18	0	18	100	3600	4	1
8	18	0	26	60	3600	4	1
8	18	0	34	35	3600	4	1
8	18	0	42	18	3600	4	1
8	18	0	50	13	3600	4	1
8	18	0	57	9	3600	4	1
8	18	1	4	6	3600	4	1
8	18	1	11	0	0	1	1
8	18	18	13	6	3600	4	1
8	18	18	20	9	3600	4	1
8	18	18	27	13	3600	4	1
8	18	18	34	18	3600	4	1
8	18	18	42	35	3600	4	1
8	18	18	49	60	3600	4	1
8	18	18	57	100	3600	4	1
8	18	19	6	200	3600	4	1
8	18	19	14	440	3600	4	1
8	18	19	23	700	3600	4	1
8	18	19	33	1100	3600	4	1
8	18	19	44	1800	3600	4	1
8	18	19	55	1800	3650	4	1
8	18	20	7	1800	3700	4	1
8	18	23	22	1800	3650	4	1
8	18	23	34	1800	3600	4	1
8	18	23	45	1100	3600	4	1
8	18	23	55	700	3600	4	1
8	19	0	5	440	3600	4	1
8	19	0	14	200	3600	4	1
8	19	0	23	100	3600	4	1
8	19	0	31	60	3600	4	1
8	19	0	39	35	3600	4	1
8	19	0	47	18	3600	4	1
8	19	0	54	13	3600	4	1
8	19	1	1	9	3600	4	1
8	19	1	9	6	3600	4	1
8	19	1	15	0	0	1	1
8	19	18	9	6	3600	4	1
8	19	18	15	9	3600	4	1
8	19	18	22	13	3600	4	1
8	19	18	29	18	3600	4	1
8	19	18	37	35	3600	4	1
8	19	18	44	60	3600	4	1
8	19	18	52	100	3600	4	1
8	19	19	0	200	3600	4	1
8	19	19	9	440	3600	4	1
8	19	19	17	700	3600	4	1
8	19	19	27	1100	3600	4	1
8	19	19	36	1800	3600	4	1
8	19	19	47	1800	3650	4	1
8	19	19	58	1800	3700	4	1
8	19	23	29	1800	3650	4	1
8	19	23	41	1800	3600	4	1
8	19	23	52	1100	3600	4	1
8	20	0	1	700	3600	4	1
8	20	0	11	440	3600	4	1
8	20	0	19	200	3600	4	1
8	20	0	28	100	3600	4	1
8	20	0	36	60	3600	4	1
8	20	0	44	35	3600	4	1
8	20	0	51	18	3600	4	1
8	20	0	59	13	3600	4	1
8	20	1	6	9	3600	4	1
8	20	1	13	6	3600	4	1
8	20	1	19	0	0	1	1
8	20	18	4	6	3600	4	1
8	20	18	11	9	3600	4	1
8	20	18	18	13	3600	4	1
8	20	18	25	18	3600	4	1
8	20	18	32	35	3600	4	1
8	20	18	39	60	3600	4	1
8	20	18	47	100	3600	4	1
8	20	18	55	200	3600	4	1
8	20	19	3	440	3600	4	1
8	20	19	11	700	3600	4	1
8	20	19	20	1100	3600	4	1
8	20	19	30	1800	3600	4	1
8	20	19	40	1800	3650	4	1
8	20	19	51	1800	3700	4	1
8	20	23	37	1800	3650	4	1
8	20	23	48	1800	3600	4	1
8	20	23	58	1100	3600	4	1
8	21	0	7	700	3600	4	1
8	21	0	16	440	3600	4	1
8	21	0	25	200	3600	4	1
8	21	0	33	100	3600	4	1
8	21	0	41	60	3600	4	1
8	21	0	48	35	3600	4	1
8	21	0	56	18	3600	4	1
8	21	1	3	13	3600	4	1
8	21	1	10	9	3600	4	1
8	21	1	17	6	3600	4	1
8	21	1	23	0	0	1	1
8	21	18	0	6	3600	4	1
8	21	18	6	9	3600	4	1
8	21	18	13	13	3600	4	1
8	21	18	20	18	3600	4	1
8	21	18	27	35	3600	4	1
8	21	18	34	60	3600	4	1
8	21	18	42	100	3600	4	1
8	21	18	49	200	3600	4	1
8	21	18	57	440	3600	4	1
8	21	19	6	700	3600	4	1
8	21	19	14	1100	3600	4	1
8	21	19	23	1800	3600	4	1
8	21	19	33	1800	3650	4	1
8	21	19	43	1800	3700	4	1
8	21	23	44	1800	3650	4	1
8	21	23	54	1800	3600	4	1
8	22	0	4	1100	3600	4	1
8	22	0	13	700	3600	4	1
8	22	0	21	440	3600	4	1
8	22	0	30	200	3600	4	1
8	22	0	38	100	3600	4	1
8	22	0	45	60	3600	4	1
8	22	0	53	35	3600	4	1
8	22	1	0	18	3600	4	1
8	22	1	7	13	3600	4	1
8	22	1	14	9	3600	4	1
8	22	1	21	6	3600	4	1
8	22	1	27	0	0	1	1
8	22	17	55	6	3600	4	1
8	22	18	2	9	3600	4	1
8	22	18	8	13	3600	4	1
8	22	18	15	18	3600	4	1
8	22	18	22	35	3600	4	1
8	22	18	29	60	3600	4	1
8	22	18	37	100	3600	4	1
8	22	18	44	200	3600	4	1
8	22	18	52	440	3600	4	1
8	22	19	0	700	3600	4	1
8	22	19	8	1100	3600	4	1
8	22	19	17	1800	3600	4	1
8	22	19	26	1800	3650	4	1
8	22	19	36	1800	3700	4	1
8	22	23	50	1800	3650	4	1
8	23	0	0	1800	3600	4	1
8	23	0	10	1100	3600	4	1
8	23	0	18	700	3600	4	1
8	23	0	27	440	3600	4	1
8	23	0	35	200	3600	4	1
8	23	0	42	100	3600	4	1
8	23	0	50	60	3600	4	1
8	23	0	57	35	3600	4	1
8	23	1	4	18	3600	4	1
8	23	1	11	13	3600	4	1
8	23	1	18	9	3600	4	1
8	23	1	24	6	3600	4	1
8	23	1	31	0	0	1	1
8	23	17	51	6	3600	4	1
8	23	17	57	9	3600	4	1
8	23	18	4	13	3600	4	1
8	23	18	11	18	3600	4	1
8	23	18	17	35	3600	4	1
8	23	18	24	60	3600	4	1
8	23	18	31	100	3600	4	1
8	23	18	39	200	3600	4	1
8	23	18	46	440	3600	4	1
8	23	18	54	700	3600	4	1
8	23	19	2	1100	3600	4	1
8	23	19	11	1800	3600	4	1
8	23	19	20	1800	3650	4	1
8	23	19	29	1800	3700	4	1
8	23	23	57	1800	3650	4	1
8	24	0	6	1800	3600	4	1
8	24	0	15	1100	3600	4	1
8	24	0	24	700	3600	4	1
8	24	0	32	440	3600	4	1
8	24	0	40	200	3600	4	1
8	24	0	47	100	3600	4	1
8	24	0	55	60	3600	4	1
8	24	1	2	35	3600	4	1
8	24	1	9	18	3600	4	1
8	24	1	16	13	3600	4	1
8	24	1	22	9	3600	4	1
8	24	1	29	6	3600	4	1
8	24	1	35	0	0	1	1
8	24	17	47	6	3600	4	1
8	24	17	53	9	3600	4	1
8	24	17	59	13	3600	4	1
8	24	18	6	18	3600	4	1
8	24	18	13	35	3600	4	1
8	24	18	19	60	3600	4	1
8	24	18	26	100	3600	4	1
8	24	18	34	200	3600	4	1
8	24	18	41	440	3600	4	1
8	24	18	49	700	3600	4	1
8	24	18	57	1100	3600	4	1
8	24	19	5	1800	3600	4	1
8	24	19	14	1800	3650	4	1
8	24	19	23	1800	3700	4	1
8	25	0	3	1800	3650	4	1
8	25	0	12	1800	3600	4	1
8	25	0	21	1000	3600	4	1
8	25	0	29	700	3600	4	1
8	25	0	37	440	3600	4	1
8	25	0	44	200	3600	4	1
8	25	0	52	100	3600	4	1
8	25	0	59	60	3600	4	1
8	25	1	6	35	3600	4	1
8	25	1	13	18	3600	4	1
8	25	1	20	13	3600	4	1
8	25	1	26	9	3600	4	1
8	25	1	33	6	3600	4	1
8	25	1	39	0	0	1	1
8	25	17	42	6	3600	4	1
8	25	17	48	9	3600	4	1
8	25	17	55	13	3600	4	1
8	25	18	1	18	3600	4	1
8	25	18	8	35	3600	4	1
8	25	18	15	60	3600	4	1
8	25	18	22	100	3600	4	1
8	25	18	29	200	3600	4	1
8	25	18	36	440	3600	4	1
8	25	18	43	700	3600	4	1
8	25	18	51	1100	3600	4	1
8	25	19	0	1800	3600	4	1
8	25	19	7	1800	3650	4	1
8	25	19	16	1800	3700	4	1
8	26	0	9	1800	3650	4	1
8	26	0	17	1800	3600	4	1
8	26	0	26	1100	3600	4	1
8	26	0	34	700	3600	4	1
8	26	0	42	440	3600	4	1
8	26	0	49	200	3600	4	1
8	26	0	56	100	3600	4	1
8	26	1	3	60	3600	4	1
8	26	1	10	35	3600	4	1
8	26	1	17	18	3600	4	1
8	26	1	24	13	3600	4	1
8	26	1	30	9	3600	4	1
8	26	1	37	6	3600	4	1
8	26	1	43	0	0	1	1
8	26	17	38	6	3600	4	1
8	26	17	44	9	3600	4	1
8	26	17	50	13	3600	4	1
8	26	17	57	18	3600	4	1
8	26	18	3	35	3600	4	1
8	26	18	10	60	3600	4	1
8	26	18	17	100	3600	4	1
8	26	18	24	200	3600	4	1
8	26	18	31	440	3600	4	1
8	26	18	38	700	3600	4	1
8	26	18	46	1100	3600	4	1
8	26	18	53	1800	3600	4	1
8	26	19	1	1800	3650	4	1
8	26	19	10	1800	3700	4	1
8	27	0	14	1800	3650	4	1
8	27	0	23	1800	3600	4	1
8	27	0	31	1100	3600	4	1
8	27	0	39	700	3600	4	1
8	27	0	46	440	3600	4	1
8	27	0	54	220	3600	4	1
8	27	1	1	100	3600	4	1
8	27	1	8	60	3600	4	1
8	27	1	15	35	3600	4	1
8	27	1	21	18	3600	4	1
8	27	1	28	13	3600	4	1
8	27	1	34	9	3600	4	1
8	27	1	40	6	3600	4	1
8	27	1	47	0	0	1	1
8	27	17	34	6	3600	4	1
8	27	17	40	9	3600	4	1
8	27	17	46	13	3600	4	1
8	27	17	52	18	3600	4	1
8	27	17	59	35	3600	4	1
8	27	18	5	60	3600	4	1
8	27	18	12	100	3600	4	1
8	27	18	19	200	3600	4	1
8	27	18	26	440	3600	4	1
8	27	18	33	700	3600	4	1
8	27	18	40	1100	3600	4	1
8	27	18	48	1800	3600	4	1
8	27	18	56	1800	3650	4	1
8	27	19	4	1800	3700	4	1
8	28	0	20	1800	3650	4	1
8	28	0	28	1800	3600	4	1
8	28	0	36	1100	3600	4	1
8	28	0	44	700	3600	4	1
8	28	0	51	440	3600	4	1
8	28	0	58	200	3600	4	1
8	28	1	5	100	3600	4	1
8	28	1	12	60	3600	4	1
8	28	1	19	35	3600	4	1
8	28	1	25	18	3600	4	1
8	28	1	32	13	3600	4	1
8	28	1	38	9	3600	4	1
8	28	1	44	6	3600	4	1
8	28	1	50	0	0	1	1
8	28	17	29	6	3600	4	1
8	28	17	35	9	3600	4	1
8	28	17	41	13	3600	4	1
8	28	17	48	18	3600	4	1
8	28	17	54	35	3600	4	1
8	28	18	0	60	3600	4	1
8	28	18	7	100	3600	4	1
8	28	18	14	200	3600	4	1
8	28	18	21	440	3600	4	1
8	28	18	28	700	3600	4	1
8	28	18	35	1100	3600	4	1
8	28	18	42	1800	3600	4	1
8	28	18	50	1800	3650	4	1
8	28	18	58	1800	3700	4	1
8	29	0	25	1800	3650	4	1
8	29	0	33	1800	3600	4	1
8	29	0	41	1100	3600	4	1
8	29	0	48	700	3600	4	1
8	29	0	56	440	3600	4	1
8	29	1	3	200	3600	4	1
8	29	1	10	100	3600	4	1
8	29	1	16	60	3600	4	1
8	29	1	23	35	3600	4	1
8	29	1	29	18	3600	4	1
8	29	1	36	13	3600	4	1
8	29	1	42	9	3600	4	1
8	29	1	48	6	3600	4	1
8	29	1	54	0	0	1	1
8	29	17	25	6	3600	4	1
8	29	17	31	9	3600	4	1
8	29	17	37	13	3600	4	1
8	29	17	43	18	3600	4	1
8	29	17	49	35	3600	4	1
8	29	17	56	60	3600	4	1
8	29	18	2	100	3600	4	1
8	29	18	9	200	3600	4	1
8	29	18	16	440	3600	4	1
8	29	18	22	700	3600	4	1
8	29	18	30	1100	3600	4	1
8	29	18	37	1800	3600	4	1
8	29	18	44	1800	3650	4	1
8	29	18	52	1800	3700	4	1
8	30	0	31	1800	3650	4	1
8	30	0	38	1800	3600	4	1
8	30	0	46	1100	3600	4	1
8	30	0	53	700	3600	4	1
8	30	1	0	440	3600	4	1
8	30	1	7	200	3600	4	1
8	30	1	14	100	3600	4	1
8	30	1	20	60	3600	4	1
8	30	1	27	35	3600	4	1
8	30	1	33	18	3600	4	1
8	30	1	40	13	3600	4	1
8	30	1	46	9	3600	4	1
8	30	1	52	6	3600	4	1
8	30	1	58	0	0	1	1
8	30	17	21	6	3600	4	1
8	30	17	26	9	3600	4	1
8	30	17	32	13	3600	4	1
8	30	17	39	18	3600	4	1
8	30	17	45	35	3600	4	1
8	30	17	51	60	3600	4	1
8	30	17	57	100	3600	4	1
8	30	18	4	200	3600	4	1
8	30	18	11	440	3600	4	1
8	30	18	17	700	3600	4	1
8	30	18	24	1100	3600	4	1
8	30	18	31	1800	3600	4	1
8	30	18	39	1800	3650	4	1
8	30	18	46	1800	3700	4	1
8	31	0	36	1800	3650	4	1
8	31	0	43	1800	3600	4	1
8	31	0	51	1100	3600	4	1
8	31	0	58	700	3600	4	1
8	31	1	5	440	3600	4	1
8	31	1	11	200	3600	4	1
8	31	1	18	100	3600	4	1
8	31	1	25	60	3600	4	1
8	31	1	31	35	3600	4	1
8	31	1	37	18	3600	4	1
8	31	1	43	13	3600	4	1
8	31	1	50	9	3600	4	1
8	31	1	56	6	3600	4	1
8	31	2	2	0	0	1	1
8	31	17	16	7	3600	4	1
8	31	17	22	9	3600	4	1
8	31	17	28	17	3600	4	1
8	31	17	34	19	3600	4	1
8	31	17	40	38	3600	4	1
8	31	17	46	55	3600	4	1
8	31	17	53	80	3600	4	1
8	31	17	59	230	3600	4	1
8	31	18	6	410	3600	4	1
8	31	18	12	630	3600	4	1
8	31	18	19	1050	3600	4	1
8	31	18	26	1800	3600	4	1
8	31	18	33	1800	3600	4	1
8	31	18	41	1800	3600	4	1
9	1	0	41	1800	3600	4	1
9	1	0	48	1800	3600	4	1
9	1	0	55	1050	3600	4	1
9	1	1	2	630	3600	4	1
9	1	1	9	410	3600	4	1
9	1	1	16	230	3600	4	1
9	1	1	22	80	3600	4	1
9	1	1	29	55	3600	4	1
9	1	1	35	38	3600	4	1
9	1	1	41	19	3600	4	1
9	1	1	47	17	3600	4	1
9	1	1	53	9	3600	4	1
9	1	1	59	7	3600	4	1
9	1	2	5	0	0	1	1
9	1	17	12	7	3600	4	1
9	1	17	18	9	3600	4	1
9	1	17	24	17	3600	4	1
9	1	17	30	19	3600	4	1
9	1	17	36	38	3600	4	1
9	1	17	42	55	3600	4	1
9	1	17	48	80	3600	4	1
9	1	17	54	230	3600	4	1
9	1	18	1	410	3600	4	1
9	1	18	7	630	3600	4	1
9	1	18	14	1050	3600	4	1
9	1	18	21	1800	3600	4	1
9	1	18	28	1800	3600	4	1
9	1	18	35	1800	3600	4	1
9	2	0	46	1800	3600	4	1
9	2	0	53	1800	3600	4	1
9	2	1	0	1050	3600	4	1
9	2	1	7	630	3600	4	1
9	2	1	13	410	3600	4	1
9	2	1	20	230	3600	4	1
9	2	1	26	80	3600	4	1
9	2	1	33	55	3600	4	1
9	2	1	39	38	3600	4	1
9	2	1	45	19	3600	4	1
9	2	1	51	17	3600	4	1
9	2	1	57	9	3600	4	1
9	2	2	3	7	3600	4	1
9	2	2	9	0	0	1	1
9	2	17	8	7	3600	4	1
9	2	17	13	9	3600	4	1
9	2	17	19	17	3600	4	1
9	2	17	25	19	3600	4	1
9	2	17	31	38	3600	4	1
9	2	17	37	55	3600	4	1
9	2	17	43	80	3600	4	1
9	2	17	50	230	3600	4	1
9	2	17	56	410	3600	4	1
9	2	18	3	630	3600	4	1
9	2	18	9	1050	3600	4	1
9	2	18	16	1800	3600	4	1
9	2	18	23	1800	3600	4	1
9	2	18	30	1800	3600	4	1
9	3	0	50	1800	3600	4	1
9	3	0	57	1800	3600	4	1
9	3	1	4	1050	3600	4	1
9	3	1	11	630	3600	4	1
9	3	1	18	410	3600	4	1
9	3	1	24	230	3600	4	1
9	3	1	30	80	3600	4	1
9	3	1	37	55	3600	4	1
9	3	1	43	38	3600	4	1
9	3	1	49	19	3600	4	1
9	3	1	55	17	3600	4	1
9	3	2	1	9	3600	4	1
9	3	2	7	7	3600	4	1
9	3	2	13	0	0	1	1
9	3	17	3	7	3600	4	1
9	3	17	9	9	3600	4	1
9	3	17	15	17	3600	4	1
9	3	17	21	19	3600	4	1
9	3	17	27	38	3600	4	1
9	3	17	33	55	3600	4	1
9	3	17	39	80	3600	4	1
9	3	17	45	230	3600	4	1
9	3	17	51	410	3600	4	1
9	3	17	58	630	3600	4	1
9	3	18	4	1050	3600	4	1
9	3	18	11	1800	3600	4	1
9	3	18	18	1800	3600	4	1
9	3	18	24	1800	3600	4	1
9	4	0	48	1800	3600	4	1
9	4	0	55	1800	3600	4	1
9	4	1	9	1050	3600	4	1
9	4	1	15	630	3600	4	1
9	4	1	22	410	3600	4	1
9	4	1	28	230	3600	4	1
9	4	1	35	80	3600	4	1
9	4	1	41	55	3600	4	1
9	4	1	47	38	3600	4	1
9	4	1	53	19	3600	4	1
9	4	1	59	17	3600	4	1
9	4	2	5	9	3600	4	1
9	4	2	10	7	3600	4	1
9	4	2	16	0	0	1	1
9	4	16	59	7	3600	4	1
9	4	17	5	9	3600	4	1
9	4	17	11	17	3600	4	1
9	4	17	16	19	3600	4	1
9	4	17	22	38	3600	4	1
9	4	17	28	55	3600	4	1
9	4	17	34	80	3600	4	1
9	4	17	40	230	3600	4	1
9	4	17	47	410	3600	4	1
9	4	17	53	630	3600	4	1
9	4	17	59	1050	3600	4	1
9	4	18	6	1800	3600	4	1
9	4	18	12	1800	3600	4	1
9	4	18	19	1800	3600	4	1
9	5	1	0	1800	3600	4	1
9	5	1	6	1800	3600	4	1
9	5	1	13	1050	3600	4	1
9	5	1	20	630	3600	4	1
9	5	1	26	410	3600	4	1
9	5	1	32	230	3600	4	1
9	5	1	39	80	3600	4	1
9	5	1	45	55	3600	4	1
9	5	1	51	38	3600	4	1
9	5	1	57	19	3600	4	1
9	5	2	3	17	3600	4	1
9	5	2	8	9	3600	4	1
9	5	2	14	7	3600	4	1
9	5	2	20	0	0	1	1
9	5	16	55	7	3600	4	1
9	5	17	1	9	3600	4	1
9	5	17	6	17	3600	4	1
9	5	17	12	19	3600	4	1
9	5	17	18	38	3600	4	1
9	5	17	24	55	3600	4	1
9	5	17	30	80	3600	4	1
9	5	17	36	230	3600	4	1
9	5	17	42	410	3600	4	1
9	5	17	48	630	3600	4	1
9	5	17	54	1050	3600	4	1
9	5	18	1	1800	3600	4	1
9	5	18	7	1800	3650	4	1
9	5	18	14	1800	3700	4	1
9	6	1	4	1800	3650	4	1
9	6	1	11	1800	3600	4	1
9	6	1	17	1050	3600	4	1
9	6	1	24	630	3600	4	1
9	6	1	30	410	3600	4	1
9	6	1	36	230	3600	4	1
9	6	1	42	80	3600	4	1
9	6	1	49	55	3600	4	1
9	6	1	55	38	3600	4	1
9	6	2	0	19	3600	4	1
9	6	2	6	17	3600	4	1
9	6	2	12	9	3600	4	1
9	6	2	18	7	3600	4	1
9	6	2	23	0	0	1	1
9	6	16	51	7	3600	4	1
9	6	16	57	9	3600	4	1
9	6	17	2	17	3600	4	1
9	6	17	8	19	3600	4	1
9	6	17	13	38	3600	4	1
9	6	17	19	55	3600	4	1
9	6	17	25	80	3600	4	1
9	6	17	31	230	3600	4	1
9	6	17	37	410	3600	4	1
9	6	17	43	630	3600	4	1
9	6	17	50	1050	3600	4	1
9	6	17	56	1800	3600	4	1
9	6	18	2	1800	3650	4	1
9	6	18	9	1800	3700	4	1
9	7	1	9	1800	3650	4	1
9	7	1	15	1800	3600	4	1
9	7	1	22	1050	3600	4	1
9	7	1	28	630	3600	4	1
9	7	1	34	410	3600	4	1
9	7	1	40	230	3600	4	1
9	7	1	46	80	3600	4	1
9	7	1	52	55	3600	4	1
9	7	1	58	38	3600	4	1
9	7	2	4	19	3600	4	1
9	7	2	10	17	3600	4	1
9	7	2	16	9	3600	4	1
9	7	2	21	7	3600	4	1
9	7	2	27	0	0	1	1
9	7	16	46	7	3600	4	1
9	7	16	52	9	3600	4	1
9	7	16	58	17	3600	4	1
9	7	17	3	19	3600	4	1
9	7	17	9	38	3600	4	1
9	7	17	15	55	3600	4	1
9	7	17	21	80	3600	4	1
9	7	17	27	230	3600	4	1
9	7	17	33	410	3600	4	1
9	7	17	39	630	3600	4	1
9	7	17	45	1050	3600	4	1
9	7	17	51	1800	3600	4	1
9	7	17	57	1800	3650	4	1
9	7	18	4	1800	3700	4	1
9	8	1	13	1800	3650	4	1
9	8	1	19	1800	3600	4	1
9	8	1	26	1050	3600	4	1
9	8	1	32	630	3600	4	1
9	8	1	38	410	3600	4	1
9	8	1	44	230	3600	4	1
9	8	1	50	80	3600	4	1
9	8	1	56	55	3600	4	1
9	8	2	2	38	3600	4	1
9	8	2	8	19	3600	4	1
9	8	2	14	17	3600	4	1
9	8	2	19	9	3600	4	1
9	8	2	25	7	3600	4	1
9	8	2	31	0	0	1	1
9	8	16	42	7	3600	4	1
9	8	16	48	9	3600	4	1
9	8	16	53	17	3600	4	1
9	8	16	59	19	3600	4	1
9	8	17	5	38	3600	4	1
9	8	17	10	55	3600	4	1
9	8	17	16	80	3600	4	1
9	8	17	22	230	3600	4	1
9	8	17	28	410	3600	4	1
9	8	17	34	630	3600	4	1
9	8	17	40	1050	3600	4	1
9	8	17	46	1800	3600	4	1
9	8	17	52	1800	3650	4	1
9	8	17	59	1800	3700	4	1
9	9	1	17	1800	3650	4	1
9	9	1	24	1800	3600	4	1
9	9	1	30	1050	3600	4	1
9	9	1	36	630	3600	4	1
9	9	1	42	410	3600	4	1
9	9	1	48	230	3600	4	1
9	9	1	54	80	3600	4	1
9	9	2	0	55	3600	4	1
9	9	2	6	38	3600	4	1
9	9	2	12	19	3600	4	1
9	9	2	17	17	3600	4	1
9	9	2	23	9	3600	4	1
9	9	2	29	7	3600	4	1
9	9	2	34	0	0	1	1
9	9	16	38	7	3600	4	1
9	9	16	43	9	3600	4	1
9	9	16	49	17	3600	4	1
9	9	16	55	19	3600	4	1
9	9	17	0	38	3600	4	1
9	9	17	6	55	3600	4	1
9	9	17	12	80	3600	4	1
9	9	17	18	230	3600	4	1
9	9	17	23	410	3600	4	1
9	9	17	29	630	3600	4	1
9	9	17	35	1050	3600	4	1
9	9	17	41	1800	3600	4	1
9	9	17	48	1800	3650	4	1
9	9	17	54	1800	3700	4	1
9	10	1	21	1800	3650	4	1
9	10	1	28	1800	3600	4	1
9	10	1	34	1050	3600	4	1
9	10	1	40	630	3600	4	1
9	10	1	46	410	3600	4	1
9	10	1	52	230	3600	4	1
9	10	1	58	80	3600	4	1
9	10	2	4	55	3600	4	1
9	10	2	10	38	3600	4	1
9	10	2	15	19	3600	4	1
9	10	2	21	17	3600	4	1
9	10	2	27	9	3600	4	1
9	10	2	32	7	3600	4	1
9	10	2	38	0	0	1	1
9	10	16	34	7	3600	4	1
9	10	16	39	9	3600	4	1
9	10	16	45	17	3600	4	1
9	10	16	50	19	3600	4	1
9	10	16	56	38	3600	4	1
9	10	17	2	55	3600	4	1
9	10	17	7	80	3600	4	1
9	10	17	13	230	3600	4	1
9	10	17	19	410	3600	4	1
9	10	17	25	630	3600	4	1
9	10	17	31	1050	3600	4	1
9	10	17	37	1800	3600	4	1
9	10	17	43	1800	3650	4	1
9	10	17	49	1800	3700	4	1
9	11	1	26	1800	3650	4	1
9	11	1	32	1800	3600	4	1
9	11	1	38	1050	3600	4	1
9	11	1	44	630	3600	4	1
9	11	1	50	410	3600	4	1
9	11	1	56	230	3600	4	1
9	11	2	2	80	3600	4	1
9	11	2	8	55	3600	4	1
9	11	2	13	38	3600	4	1
9	11	2	19	19	3600	4	1
9	11	2	25	17	3600	4	1
9	11	2	30	9	3600	4	1
9	11	2	36	7	3600	4	1
9	11	2	42	0	0	1	1
9	11	16	30	7	3600	4	1
9	11	16	35	9	3600	4	1
9	11	16	40	17	3600	4	1
9	11	16	46	19	3600	4	1
9	11	16	52	38	3600	4	1
9	11	16	57	55	3600	4	1
9	11	17	3	80	3600	4	1
9	11	17	9	230	3600	4	1
9	11	17	14	410	3600	4	1
9	11	17	20	630	3600	4	1
9	11	17	26	1050	3600	4	1
9	11	17	32	1800	3600	4	1
9	11	17	38	1800	3650	4	1
9	11	17	44	1800	3700	4	1
9	12	1	30	1800	3650	4	1
9	12	1	36	1800	3600	4	1
9	12	1	42	1050	3600	4	1
9	12	1	48	630	3600	4	1
9	12	1	54	410	3600	4	1
9	12	2	0	230	3600	4	1
9	12	2	6	80	3600	4	1
9	12	2	11	55	3600	4	1
9	12	2	17	38	3600	4	1
9	12	2	23	19	3600	4	1
9	12	2	28	17	3600	4	1
9	12	2	34	9	3600	4	1
9	12	2	39	7	3600	4	1
9	12	2	45	0	0	1	1
9	12	16	25	7	3600	4	1
9	12	16	31	9	3600	4	1
9	12	16	36	17	3600	4	1
9	12	16	42	19	3600	4	1
9	12	16	47	38	3600	4	1
9	12	16	53	55	3600	4	1
9	12	16	58	80	3600	4	1
9	12	17	4	230	3600	4	1
9	12	17	10	410	3600	4	1
9	12	17	16	630	3600	4	1
9	12	17	21	1050	3600	4	1
9	12	17	27	1800	3600	4	1
9	12	17	33	1800	3650	4	1
9	12	17	39	1800	3700	4	1
9	13	1	34	1800	3650	4	1
9	13	1	40	1800	3600	4	1
9	13	1	46	1050	3600	4	1
9	13	1	52	630	3600	4	1
9	13	1	58	410	3600	4	1
9	13	2	4	230	3600	4	1
9	13	2	9	80	3600	4	1
9	13	2	15	55	3600	4	1
9	13	2	21	38	3600	4	1
9	13	2	26	19	3600	4	1
9	13	2	32	17	3600	4	1
9	13	2	37	9	3600	4	1
9	13	2	43	7	3600	4	1
9	13	2	48	0	0	1	1
9	13	16	21	7	3600	4	1
9	13	16	27	9	3600	4	1
9	13	16	32	17	3600	4	1
9	13	16	37	19	3600	4	1
9	13	16	43	38	3600	4	1
9	13	16	48	55	3600	4	1
9	13	16	54	80	3600	4	1
9	13	17	0	230	3600	4	1
9	13	17	5	410	3600	4	1
9	13	17	11	630	3600	4	1
9	13	17	17	1050	3600	4	1
9	13	17	23	1800	3600	4	1
9	13	17	29	1800	3650	4	1
9	13	17	35	1800	3700	4	1
9	14	1	38	1800	3650	4	1
9	14	1	44	1800	3600	4	1
9	14	1	50	1050	3600	4	1
9	14	1	56	630	3600	4	1
9	14	2	2	410	3600	4	1
9	14	2	7	230	3600	4	1
9	14	2	13	80	3600	4	1
9	14	2	19	55	3600	4	1
9	14	2	24	38	3600	4	1
9	14	2	30	19	3600	4	1
9	14	2	35	17	3600	4	1
9	14	2	41	9	3600	4	1
9	14	2	46	7	3600	4	1
9	14	2	52	0	0	1	1
9	14	16	17	7	3600	4	1
9	14	16	22	9	3600	4	1
9	14	16	28	17	3600	4	1
9	14	16	33	19	3600	4	1
9	14	16	39	38	3600	4	1
9	14	16	44	55	3600	4	1
9	14	16	50	80	3600	4	1
9	14	16	55	230	3600	4	1
9	14	17	1	410	3600	4	1
9	14	17	7	630	3600	4	1
9	14	17	12	1050	3600	4	1
9	14	17	18	1800	3600	4	1
9	14	17	24	1800	3650	4	1
9	14	17	30	1800	3700	4	1
9	15	1	42	1800	3650	4	1
9	15	1	48	1800	3600	4	1
9	15	1	54	1050	3600	4	1
9	15	2	0	630	3600	4	1
9	15	2	5	410	3600	4	1
9	15	2	11	230	3600	4	1
9	15	2	17	80	3600	4	1
9	15	2	22	55	3600	4	1
9	15	2	28	38	3600	4	1
9	15	2	33	19	3600	4	1
9	15	2	39	17	3600	4	1
9	15	2	44	9	3600	4	1
9	15	2	50	7	3600	4	1
9	15	2	55	0	0	1	1
9	15	16	13	7	3600	4	1
9	15	16	18	9	3600	4	1
9	15	16	23	17	3600	4	1
9	15	16	29	19	3600	4	1
9	15	16	34	38	3600	4	1
9	15	16	40	55	3600	4	1
9	15	16	45	80	3600	4	1
9	15	16	51	230	3600	4	1
9	15	16	56	410	3600	4	1
9	15	17	2	630	3600	4	1
9	15	17	8	1050	3600	4	1
9	15	17	14	1800	3600	4	1
9	15	17	19	1800	3650	4	1
9	15	17	25	1800	3700	4	1
9	16	1	46	1800	3650	4	1
9	16	1	52	1800	3600	4	1
9	16	1	58	1050	3600	4	1
9	16	2	3	630	3600	4	1
9	16	2	9	410	3600	4	1
9	16	2	15	230	3600	4	1
9	16	2	20	80	3600	4	1
9	16	2	26	55	3600	4	1
9	16	2	32	38	3600	4	1
9	16	2	37	19	3600	4	1
9	16	2	43	17	3600	4	1
9	16	2	48	9	3600	4	1
9	16	2	53	7	3600	4	1
9	16	2	59	0	0	1	1
9	16	16	9	7	3600	4	1
9	16	16	14	9	3600	4	1
9	16	16	19	17	3600	4	1
9	16	16	25	19	3600	4	1
9	16	16	30	38	3600	4	1
9	16	16	36	55	3600	4	1
9	16	16	41	80	3600	4	1
9	16	16	47	230	3600	4	1
9	16	16	52	410	3600	4	1
9	16	16	58	630	3600	4	1
9	16	17	3	1050	3600	4	1
9	16	17	9	1800	3600	4	1
9	16	17	15	1800	3650	4	1
9	16	17	21	1800	3700	4	1
9	17	1	50	1800	3650	4	1
9	17	1	56	1800	3600	4	1
9	17	2	2	1800	3600	4	1
9	17	2	7	630	3600	4	1
9	17	2	13	410	3600	4	1
9	17	2	19	230	3600	4	1
9	17	2	24	80	3600	4	1
9	17	2	30	55	3600	4	1
9	17	2	35	38	3600	4	1
9	17	2	41	19	3600	4	1
9	17	2	46	17	3600	4	1
9	17	2	51	9	3600	4	1
9	17	2	57	7	3600	4	1
9	17	3	2	0	0	1	1
9	17	16	4	7	3600	4	1
9	17	16	10	9	3600	4	1
9	17	16	15	17	3600	4	1
9	17	16	20	19	3600	4	1
9	17	16	26	38	3600	4	1
9	17	16	31	55	3600	4	1
9	17	16	37	80	3600	4	1
9	17	16	42	230	3600	4	1
9	17	16	48	410	3600	4	1
9	17	16	53	630	3600	4	1
9	17	16	59	1050	3600	4	1
9	17	17	5	1800	3600	4	1
9	17	17	10	1800	3650	4	1
9	17	17	16	1800	3700	4	1
9	18	1	54	1800	3650	4	1
9	18	2	0	1800	3600	4	1
9	18	2	5	1050	3600	4	1
9	18	2	11	0	3600	4	1
9	18	2	17	410	3600	4	1
9	18	2	22	230	3600	4	1
9	18	2	28	80	3600	4	1
9	18	2	33	55	3600	4	1
9	18	2	39	38	3600	4	1
9	18	2	44	19	3600	4	1
9	18	2	50	17	3600	4	1
9	18	2	55	9	3600	4	1
9	18	3	0	7	3600	4	1
9	18	3	6	0	0	1	1
9	18	16	0	7	3600	4	1
9	18	16	5	9	3600	4	1
9	18	16	11	17	3600	4	1
9	18	16	16	19	3600	4	1
9	18	16	22	38	3600	4	1
9	18	16	27	55	3600	4	1
9	18	16	32	80	3600	4	1
9	18	16	38	230	3600	4	1
9	18	16	43	410	3600	4	1
9	18	16	49	630	3600	4	1
9	18	16	54	1050	3600	4	1
9	18	17	0	1800	3600	4	1
9	18	17	6	1800	3650	4	1
9	18	17	12	1800	3700	4	1
9	19	1	58	1800	3650	4	1
9	19	2	3	1800	3600	4	1
9	19	2	9	1050	3600	4	1
9	19	2	15	630	3600	4	1
9	19	2	20	410	3600	4	1
9	19	2	26	230	3600	4	1
9	19	2	31	80	3600	4	1
9	19	2	37	55	3600	4	1
9	19	2	42	38	3600	4	1
9	19	2	48	19	3600	4	1
9	19	2	53	17	3600	4	1
9	19	2	59	9	3600	4	1
9	19	3	4	7	3600	4	1
9	19	3	9	0	0	1	1
9	19	15	56	7	3600	4	1
9	19	16	1	9	3600	4	1
9	19	16	7	17	3600	4	1
9	19	16	12	19	3600	4	1
9	19	16	17	38	3600	4	1
9	19	16	23	55	3600	4	1
9	19	16	28	80	3600	4	1
9	19	16	34	230	3600	4	1
9	19	16	39	410	3600	4	1
9	19	16	45	630	3600	4	1
9	19	16	50	1050	3600	4	1
9	19	16	56	1800	3600	4	1
9	19	17	1	1800	3650	4	4
9	19	17	7	1800	3700	4	4
9	20	2	1	1800	3650	4	4
9	20	2	7	1800	3600	4	4
9	20	2	13	1050	3600	4	1
9	20	2	18	630	3600	4	1
9	20	2	24	410	3600	4	1
9	20	2	29	230	3600	4	1
9	20	2	35	80	3600	4	1
9	20	2	40	55	3600	4	1
9	20	2	46	38	3600	4	1
9	20	2	51	19	3600	4	1
9	20	2	57	17	3600	4	1
9	20	3	2	9	3600	4	1
9	20	3	7	7	3600	4	1
9	20	3	13	0	0	1	1
9	20	15	52	7	3600	4	1
9	20	15	57	9	3600	4	1
9	20	16	2	17	3600	4	1
9	20	16	8	19	3600	4	1
9	20	16	13	38	3600	4	1
9	20	16	18	55	3600	4	1
9	20	16	24	80	3600	4	1
9	20	16	29	230	3600	4	1
9	20	16	35	410	3600	4	1
9	20	16	40	630	3600	4	1
9	20	16	46	1050	3600	4	1
9	20	16	51	1800	3600	4	1
9	20	16	57	1800	3650	4	1
9	20	17	2	1800	3700	4	1
9	21	2	5	1800	3650	4	1
9	21	2	11	1800	3600	4	1
9	21	2	17	1050	3600	4	1
9	21	2	22	630	3600	4	1
9	21	2	28	410	3600	4	1
9	21	2	33	230	3600	4	1
9	21	2	39	80	3600	4	1
9	21	2	44	55	3600	4	1
9	21	2	49	38	3600	4	1
9	21	2	55	19	3600	4	1
9	21	3	0	17	3600	4	1
9	21	3	6	9	3600	4	1
9	21	3	11	7	3600	4	1
9	21	3	16	0	0	1	1
9	21	15	48	7	3600	4	1
9	21	15	53	9	3600	4	1
9	21	15	58	17	3600	4	1
9	21	16	4	19	3600	4	1
9	21	16	9	38	3600	4	1
9	21	16	14	55	3600	4	1
9	21	16	20	80	3600	4	1
9	21	16	25	230	3600	4	1
9	21	16	30	410	3600	4	1
9	21	16	36	630	3600	4	1
9	21	16	41	1050	3600	4	1
9	21	16	47	1800	3600	4	1
9	21	16	52	1800	3650	4	1
9	21	16	58	1800	3700	4	1
9	22	2	9	1800	3650	4	1
9	22	2	15	1800	3600	4	1
9	22	2	20	1050	3600	4	1
9	22	2	26	630	3600	4	1
9	22	2	31	410	3600	4	1
9	22	2	37	230	3600	4	1
9	22	2	42	80	3600	4	1
9	22	2	48	55	3600	4	1
9	22	2	53	38	3600	4	1
9	22	2	58	19	3600	4	1
9	22	3	4	17	3600	4	1
9	22	3	9	9	3600	4	1
9	22	3	14	7	3600	4	1
9	22	3	20	0	0	1	1
9	22	15	43	7	3600	4	1
9	22	15	49	9	3600	4	1
9	22	15	54	17	3600	4	1
9	22	15	59	19	3600	4	1
9	22	16	5	38	3600	4	1
9	22	16	10	55	3600	4	1
9	22	16	15	80	3600	4	1
9	22	16	21	230	3600	4	1
9	22	16	26	410	3600	4	1
9	22	16	32	630	3600	4	1
9	22	16	37	1050	3600	4	1
9	22	16	48	1800	3600	4	1
9	22	16	48	1800	3650	4	1
9	22	16	54	1800	3700	4	1
9	23	2	13	1800	3650	4	1
9	23	2	18	1800	3600	4	1
9	23	2	24	1050	3600	4	1
9	23	2	29	630	3600	4	1
9	23	2	35	410	3600	4	1
9	23	2	40	230	3600	4	1
9	23	2	46	80	3600	4	1
9	23	2	51	55	3600	4	1
9	23	2	57	38	3600	4	1
9	23	3	2	19	3600	4	1
9	23	3	7	17	3600	4	1
9	23	3	13	9	3600	4	1
9	23	3	18	7	3600	4	1
9	23	3	23	0	0	1	1
9	23	15	39	7	3600	4	1
9	23	15	45	9	3600	4	1
9	23	15	50	17	3600	4	1
9	23	15	55	19	3600	4	1
9	23	16	0	38	3600	4	1
9	23	16	6	55	3600	4	1
9	23	16	11	80	3600	4	1
9	23	16	17	230	3600	4	1
9	23	16	22	410	3600	4	1
9	23	16	27	630	3600	4	1
9	23	16	33	1050	3600	4	1
9	23	16	38	1800	3600	4	1
9	23	16	44	1800	3650	4	1
9	23	16	49	1800	3700	4	1
9	24	2	16	1800	3650	4	1
9	24	2	22	1800	3600	4	1
9	24	2	28	1050	3600	4	1
9	24	2	33	630	3600	4	1
9	24	2	38	410	3600	4	1
9	24	2	44	230	3600	4	1
9	24	2	49	80	3600	4	1
9	24	2	55	55	3600	4	1
9	24	3	0	38	3600	4	1
9	24	3	5	19	3600	4	1
9	24	3	11	17	3600	4	1
9	24	3	16	9	3600	4	1
9	24	3	21	7	3600	4	1
9	24	3	27	0	0	1	1
9	24	15	35	7	3600	4	1
9	24	15	40	9	3600	4	1
9	24	15	46	17	3600	4	1
9	24	15	51	19	3600	4	1
9	24	15	56	38	3600	4	1
9	24	16	2	55	3600	4	1
9	24	16	7	80	3600	4	1
9	24	16	12	230	3600	4	1
9	24	16	18	410	3600	4	1
9	24	16	23	630	3600	4	1
9	24	16	28	1050	3600	4	1
9	24	16	34	1800	3600	4	1
9	24	16	39	1800	3650	4	1
9	24	16	45	1800	3700	4	1
9	25	2	20	1800	3650	4	1
9	25	2	26	1800	3600	4	1
9	25	2	31	1050	3600	4	1
9	25	2	37	630	3600	4	1
9	25	2	42	410	3600	4	1
9	25	2	47	230	3600	4	1
9	25	2	53	80	3600	4	1
9	25	2	58	55	3600	4	1
9	25	3	4	38	3600	4	1
9	25	3	9	19	3600	4	1
9	25	3	14	17	3600	4	1
9	25	3	20	9	3600	4	1
9	25	3	25	7	3600	4	1
9	25	3	30	0	0	1	1
9	25	15	31	7	3600	4	1
9	25	15	36	9	3600	4	1
9	25	15	42	17	3600	4	1
9	25	15	47	19	3600	4	1
9	25	15	52	38	3600	4	1
9	25	15	57	55	3600	4	1
9	25	16	3	80	3600	4	1
9	25	16	8	230	3600	4	1
9	25	16	13	410	3600	4	1
9	25	16	19	630	3600	4	1
9	25	16	24	1050	3600	4	1
9	25	16	30	1800	3600	4	1
9	25	16	35	1800	3650	4	1
9	25	16	41	1800	3700	4	1
9	26	2	24	1800	3650	4	1
9	26	2	29	1800	3600	4	1
9	26	2	35	1050	3600	4	1
9	26	2	40	630	3600	4	1
9	26	2	46	410	3600	4	1
9	26	2	51	230	3600	4	1
9	26	2	56	80	3600	4	1
9	26	3	2	55	3600	4	1
9	26	3	7	38	3600	4	1
9	26	3	12	19	3600	4	1
9	26	3	18	17	3600	4	1
9	26	3	23	9	3600	4	1
9	26	3	28	7	3600	4	1
9	26	3	34	0	0	1	1
9	26	15	27	7	3600	4	1
9	26	15	32	9	3600	4	1
9	26	15	37	17	3600	4	1
9	26	15	43	19	3600	4	1
9	26	15	48	38	3600	4	1
9	26	15	53	55	3600	4	1
9	26	15	59	80	3600	4	1
9	26	16	4	230	3600	4	1
9	26	16	9	410	3600	4	1
9	26	16	15	630	3600	4	1
9	26	16	20	1050	3600	4	1
9	26	16	25	1800	3600	4	1
9	26	16	31	1800	3650	4	1
9	26	16	36	1800	3700	4	1
9	27	2	27	1800	3650	4	1
9	27	2	33	1800	3600	4	1
9	27	2	38	1050	3600	4	1
9	27	2	44	630	3600	4	1
9	27	2	49	410	3600	4	1
9	27	2	55	230	3600	4	1
9	27	3	0	80	3600	4	1
9	27	3	5	55	3600	4	1
9	27	3	11	38	3600	4	1
9	27	3	16	19	3600	4	1
9	27	3	21	17	3600	4	1
9	27	3	27	9	3600	4	1
9	27	3	32	7	3600	4	1
9	27	3	37	0	0	1	1
9	27	15	23	7	3600	4	1
9	27	15	28	9	3600	4	1
9	27	15	33	17	3600	4	1
9	27	15	39	19	3600	4	1
9	27	15	44	38	3600	4	1
9	27	15	49	55	3600	4	1
9	27	15	54	80	3600	4	1
9	27	16	0	230	3600	4	1
9	27	16	5	410	3600	4	1
9	27	16	10	630	3600	4	1
9	27	16	16	1050	3600	4	1
9	27	16	21	1800	3600	4	1
9	27	16	26	1800	3650	4	1
9	27	16	32	1800	3700	4	1
9	28	2	31	1800	3650	4	1
9	28	2	37	1800	3600	4	1
9	28	2	42	1050	3600	4	1
9	28	2	47	630	3600	4	1
9	28	2	53	410	3600	4	1
9	28	2	58	230	3600	4	1
9	28	3	3	80	3600	4	1
9	28	3	9	55	3600	4	1
9	28	3	14	38	3600	4	1
9	28	3	19	19	3600	4	1
9	28	3	25	17	3600	4	1
9	28	3	30	9	3600	4	1
9	28	3	35	7	3600	4	1
9	28	3	41	0	0	1	1
9	28	15	18	7	3600	4	1
9	28	15	24	9	3600	4	1
9	28	15	29	17	3600	4	1
9	28	15	34	19	3600	4	1
9	28	15	40	38	3600	4	1
9	28	15	45	55	3600	4	1
9	28	15	50	80	3600	4	1
9	28	15	56	230	3600	4	1
9	28	16	1	410	3600	4	1
9	28	16	6	630	3600	4	1
9	28	16	12	1050	3600	4	1
9	28	16	17	1800	3600	4	1
9	28	16	22	1800	3650	4	1
9	28	16	28	1800	3700	4	1
9	29	2	35	1800	3650	4	1
9	29	2	40	1800	3600	4	1
9	29	2	45	1050	3600	4	1
9	29	2	51	630	3600	4	1
9	29	2	56	410	3600	4	1
9	29	3	2	230	3600	4	1
9	29	3	7	80	3600	4	1
9	29	3	12	55	3600	4	1
9	29	3	18	38	3600	4	1
9	29	3	23	19	3600	4	1
9	29	3	28	17	3600	4	1
9	29	3	34	9	3600	4	1
9	29	3	39	7	3600	4	1
9	29	3	44	0	0	1	1
9	29	15	14	7	3600	4	1
9	29	15	20	9	3600	4	1
9	29	15	25	17	3600	4	1
9	29	15	30	19	3600	4	1
9	29	15	36	38	3600	4	1
9	29	15	41	55	3600	4	1
9	29	15	46	80	3600	4	1
9	29	15	51	230	3600	4	1
9	29	15	56	410	3600	4	1
9	29	16	2	630	3600	4	1
9	29	16	7	1050	3600	4	1
9	29	16	13	1800	3600	4	1
9	29	16	18	1800	3650	4	1
9	29	16	23	1800	3700	4	1
9	30	2	38	1800	3650	4	1
9	30	2	44	1800	3600	4	1
9	30	2	49	1050	3600	4	1
9	30	2	54	630	3600	4	1
9	30	3	0	410	3600	4	1
9	30	3	5	230	3600	4	1
9	30	3	10	80	3600	4	1
9	30	3	16	55	3600	4	1
9	30	3	21	38	3600	4	1
9	30	3	26	19	3600	4	1
9	30	3	32	17	3600	4	1
9	30	3	37	9	3600	4	1
9	30	3	42	7	3600	4	1
9	30	3	48	0	0	1	1
9	30	15	10	7	3600	4	1
9	30	15	16	9	3600	4	1
9	30	15	21	17	3600	4	1
9	30	15	26	19	3600	4	1
9	30	15	31	38	3600	4	1
9	30	15	37	55	3600	4	1
9	30	15	42	80	3600	4	1
9	30	15	47	230	3600	4	1
9	30	15	53	410	3600	4	1
9	30	15	58	630	3600	4	1
9	30	16	3	1050	3600	4	1
9	30	16	9	1800	3600	4	1
9	30	16	14	1800	3600	4	1
9	30	16	19	1800	3650	4	1
10	1	2	42	1800	3700	4	1
10	1	2	47	1800	3650	4	1
10	1	2	53	1050	3600	4	1
10	1	2	58	630	3600	4	1
10	1	3	3	410	3600	4	1
10	1	3	9	230	3600	4	1
10	1	3	14	80	3600	4	1
10	1	3	19	55	3600	4	1
10	1	3	25	38	3600	4	1
10	1	3	30	19	3600	4	1
10	1	3	35	17	3600	4	1
10	1	3	41	9	3600	4	1
10	1	3	46	7	3600	4	1
10	1	3	51	0	0	1	1
10	1	15	6	7	3600	4	1
10	1	15	11	9	3600	4	1
10	1	15	17	17	3600	4	1
10	1	15	22	19	3600	4	1
10	1	15	27	38	3600	4	1
10	1	15	33	55	3600	4	1
10	1	15	38	80	3600	4	1
10	1	15	43	230	3600	4	1
10	1	15	48	410	3600	4	1
10	1	15	54	630	3600	4	1
10	1	15	59	1050	3600	4	1
10	1	16	4	1800	3600	4	1
10	1	16	10	1800	3650	4	1
10	1	16	15	1800	3700	4	1
10	2	2	45	1800	3650	4	1
10	2	2	51	1800	3600	4	1
10	2	2	56	1050	3600	4	1
10	2	3	1	630	3600	4	1
10	2	3	7	410	3600	4	1
10	2	3	12	230	3600	4	1
10	2	3	17	80	3600	4	1
10	2	3	23	55	3600	4	1
10	2	3	28	38	3600	4	1
10	2	3	33	19	3600	4	1
10	2	3	39	17	3600	4	1
10	2	3	44	9	3600	4	1
10	2	3	49	7	3600	4	1
10	2	3	55	0	0	1	1
10	2	15	2	7	3600	4	1
10	2	15	7	9	3600	4	1
10	2	15	13	17	3600	4	1
10	2	15	18	19	3600	4	1
10	2	15	23	38	3600	4	1
10	2	15	28	55	3600	4	1
10	2	15	34	80	3600	4	1
10	2	15	39	230	3600	4	1
10	2	15	44	410	3600	4	1
10	2	15	50	630	3600	4	1
10	2	15	55	1050	3600	4	1
10	2	16	0	1800	3600	4	1
10	2	16	6	1800	3650	4	1
10	2	16	11	1800	3700	4	1
10	3	2	49	1800	3650	4	1
10	3	2	54	1800	3600	4	1
10	3	3	0	1050	3600	4	1
10	3	3	5	630	3600	4	1
10	3	3	10	410	3600	4	1
10	3	3	16	230	3600	4	1
10	3	3	21	80	3600	4	1
10	3	3	26	55	3600	4	1
10	3	3	32	38	3600	4	1
10	3	3	37	19	3600	4	1
10	3	3	42	17	3600	4	1
10	3	3	48	9	3600	4	1
10	3	3	53	7	3600	4	1
10	3	3	58	0	0	1	1
10	3	14	58	7	3600	4	1
10	3	15	3	9	3600	4	1
10	3	15	8	17	3600	4	1
10	3	15	14	19	3600	4	1
10	3	15	19	38	3600	4	1
10	3	15	24	55	3600	4	1
10	3	15	30	80	3600	4	1
10	3	15	35	230	3600	4	1
10	3	15	40	410	3600	4	1
10	3	15	46	630	3600	4	1
10	3	15	51	1050	3600	4	1
10	3	15	56	1800	3600	4	1
10	3	16	2	1800	3650	4	1
10	3	16	7	1800	3700	4	1
10	4	2	52	1800	3650	4	1
10	4	2	58	1800	3600	4	1
10	4	3	3	1050	3600	4	1
10	4	3	8	630	3600	4	1
10	4	3	14	410	3600	4	1
10	4	3	19	230	3600	4	1
10	4	3	24	80	3600	4	1
10	4	3	30	55	3600	4	1
10	4	3	35	38	3600	4	1
10	4	3	40	19	3600	4	1
10	4	3	46	17	3600	4	1
10	4	3	51	9	3600	4	1
10	4	3	56	7	3600	4	1
10	4	4	2	0	0	1	1
10	4	14	54	7	3600	4	1
10	4	14	59	9	3600	4	1
10	4	15	4	17	3600	4	1
10	4	15	10	19	3600	4	1
10	4	15	15	38	3600	4	1
10	4	15	20	55	3600	4	1
10	4	15	26	80	3600	4	1
10	4	15	31	230	3600	4	1
10	4	15	36	410	3600	4	1
10	4	15	41	630	3600	4	1
10	4	15	47	1050	3600	4	1
10	4	15	52	1800	3600	4	1
10	4	15	57	1800	3650	4	1
10	4	16	3	1800	3700	4	1
10	5	2	56	1800	3650	4	1
10	5	3	1	1800	3600	4	1
10	5	3	7	1000	3600	4	1
10	5	3	12	630	3600	4	1
10	5	3	17	410	3600	4	1
10	5	3	23	230	3600	4	1
10	5	3	28	80	3600	4	1
10	5	3	33	55	3600	4	1
10	5	3	39	38	3600	4	1
10	5	3	44	19	3600	4	1
10	5	3	49	17	3600	4	1
10	5	3	55	9	3600	4	1
10	5	4	0	7	3600	4	1
10	5	4	5	0	0	1	1
10	5	14	49	7	3600	4	1
10	5	14	55	9	3600	4	1
10	5	15	0	17	3600	4	1
10	5	15	6	19	3600	4	1
10	5	15	11	38	3600	4	1
10	5	15	16	55	3600	4	1
10	5	15	22	80	3600	4	1
10	5	15	27	230	3600	4	1
10	5	15	32	410	3600	4	1
10	5	15	37	630	3600	4	1
10	5	15	43	1050	3600	4	1
10	5	15	48	1800	3600	4	1
10	5	15	53	1800	3650	4	1
10	5	15	59	1800	3700	4	1
10	6	2	59	1800	3650	4	1
10	6	3	5	1800	3600	4	1
10	6	3	10	1050	3600	4	1
10	6	3	15	630	3600	4	1
10	6	3	21	410	3600	4	1
10	6	3	26	230	3600	4	1
10	6	3	31	80	3600	4	1
10	6	3	37	55	3600	4	1
10	6	3	42	38	3600	4	1
10	6	3	47	19	3600	4	1
10	6	3	53	17	3600	4	1
10	6	3	58	9	3600	4	1
10	6	4	4	7	3600	4	1
10	6	4	9	0	0	1	1
10	6	14	45	7	3600	4	1
10	6	14	51	9	3600	4	1
10	6	14	56	17	3600	4	1
10	6	15	1	19	3600	4	1
10	6	15	7	38	3600	4	1
10	6	15	12	55	3600	4	1
10	6	15	17	80	3600	4	1
10	6	15	23	230	3600	4	1
10	6	15	28	410	3600	4	1
10	6	15	33	630	3600	4	1
10	6	15	39	1050	3600	4	1
10	6	15	44	1800	3600	4	1
10	6	15	49	1800	3650	4	1
10	6	15	55	1800	3700	4	1
10	7	3	3	1800	3650	4	1
10	7	3	8	1800	3600	4	1
10	7	3	14	1050	3600	4	1
10	7	3	19	630	3600	4	1
10	7	3	24	410	3600	4	1
10	7	3	30	230	3600	4	1
10	7	3	35	80	3600	4	1
10	7	3	40	55	3600	4	1
10	7	3	46	38	3600	4	1
10	7	3	51	19	3600	4	1
10	7	3	56	17	3600	4	1
10	7	4	2	9	3600	4	1
10	7	4	7	7	3600	4	1
10	7	4	12	0	0	1	1
10	7	14	41	7	3600	4	1
10	7	14	47	9	3600	4	1
10	7	14	52	17	3600	4	1
10	7	14	57	19	3600	4	1
10	7	15	3	38	3600	4	1
10	7	15	8	55	3600	4	1
10	7	15	13	80	3600	4	1
10	7	15	19	230	3600	4	1
10	7	15	24	410	3600	4	1
10	7	15	29	630	3600	4	1
10	7	15	35	1050	3600	4	1
10	7	15	40	1800	3600	4	1
10	7	15	45	1800	3650	4	1
10	7	15	50	1800	3700	4	1
10	8	3	6	1800	3650	4	1
10	8	3	12	1800	3600	4	1
10	8	3	17	1050	3600	4	1
10	8	3	22	630	3600	4	1
10	8	3	28	410	3600	4	1
10	8	3	33	230	3600	4	1
10	8	3	38	80	3600	4	1
10	8	3	44	55	3600	4	1
10	8	3	49	38	3600	4	1
10	8	3	54	19	3600	4	1
10	8	4	0	17	3600	4	1
10	8	4	5	9	3600	4	1
10	8	4	11	7	3600	4	1
10	8	4	16	0	0	1	1
10	8	14	37	7	3600	4	1
10	8	14	43	9	3600	4	1
10	8	14	48	17	3600	4	1
10	8	14	53	19	3600	4	1
10	8	14	59	38	3600	4	1
10	8	15	4	55	3600	4	1
10	8	15	9	80	3600	4	1
10	8	15	15	230	3600	4	1
10	8	15	20	410	3600	4	1
10	8	15	25	630	3600	4	1
10	8	15	31	1050	3600	4	1
10	8	15	36	1800	3600	4	1
10	8	15	41	1800	3650	4	1
10	8	15	46	1800	3700	4	1
10	9	3	10	1800	3650	4	1
10	9	3	15	1800	3600	4	1
10	9	3	21	1050	3600	4	1
10	9	3	26	630	3600	4	1
10	9	3	31	410	3600	4	1
10	9	3	36	230	3600	4	1
10	9	3	42	80	3600	4	1
10	9	3	47	55	3600	4	1
10	9	3	53	38	3600	4	1
10	9	3	58	19	3600	4	1
10	9	4	3	17	3600	4	1
10	9	4	9	9	3600	4	1
10	9	4	14	7	3600	4	1
10	9	4	20	0	0	1	1
10	9	14	33	7	3600	4	1
10	9	14	38	9	3600	4	1
10	9	14	44	17	3600	4	1
10	9	14	49	19	3600	4	1
10	9	14	55	38	3600	4	1
10	9	15	0	55	3600	4	1
10	9	15	5	80	3600	4	1
10	9	15	11	230	3600	4	1
10	9	15	16	410	3600	4	1
10	9	15	21	630	3600	4	1
10	9	15	27	1050	3600	4	1
10	9	15	32	1800	3600	4	1
10	9	15	37	1800	3650	4	1
10	9	15	42	1800	3700	4	1
10	10	3	13	1800	3650	4	1
10	10	3	19	1800	3600	4	1
10	10	3	24	1050	3600	4	1
10	10	3	29	630	3600	4	1
10	10	3	35	410	3600	4	1
10	10	3	40	230	3600	4	1
10	10	3	45	80	3600	4	1
10	10	3	51	55	3600	4	1
10	10	3	56	38	3600	4	1
10	10	4	1	19	3600	4	1
10	10	4	7	17	3600	4	1
10	10	4	12	9	3600	4	1
10	10	4	18	7	3600	4	1
10	10	4	23	0	0	1	1
10	10	14	29	7	3600	4	1
10	10	14	34	9	3600	4	1
10	10	14	40	17	3600	4	1
10	10	14	45	19	3600	4	1
10	10	14	51	38	3600	4	1
10	10	14	56	55	3600	4	1
10	10	15	1	80	3600	4	1
10	10	15	7	230	3600	4	1
10	10	15	12	410	3600	4	1
10	10	15	17	630	3600	4	1
10	10	15	23	1050	3600	4	1
10	10	15	28	1800	3600	4	1
10	10	15	33	1800	3650	4	1
10	10	15	39	1800	3700	4	1
10	11	3	17	1800	3650	4	1
10	11	3	22	1800	3600	4	1
10	11	3	27	1050	3600	4	1
10	11	3	33	630	3600	4	1
10	11	3	38	410	3600	4	1
10	11	3	43	230	3600	4	1
10	11	3	49	80	3600	4	1
10	11	3	54	55	3600	4	1
10	11	4	0	38	3600	4	1
10	11	4	5	19	3600	4	1
10	11	4	10	17	3600	4	1
10	11	4	16	9	3600	4	1
10	11	4	21	7	3600	4	1
10	11	4	27	0	0	1	1
10	11	14	25	7	3600	4	1
10	11	14	30	9	3600	4	1
10	11	14	36	17	3600	4	1
10	11	14	41	19	3600	4	1
10	11	14	47	38	3600	4	1
10	11	14	52	55	3600	4	1
10	11	14	57	80	3600	4	1
10	11	15	3	230	3600	4	1
10	11	15	8	410	3600	4	1
10	11	15	13	630	3600	4	1
10	11	15	19	1050	3600	4	1
10	11	15	24	1800	3600	4	1
10	11	15	29	1800	3650	4	1
10	11	15	35	1800	3700	4	1
10	12	3	20	1800	3650	4	1
10	12	3	26	1800	3600	4	1
10	12	3	31	1050	3600	4	1
10	12	3	36	630	3600	4	1
10	12	3	42	410	3600	4	1
10	12	3	47	230	3600	4	1
10	12	3	52	80	3600	4	1
10	12	3	58	55	3600	4	1
10	12	4	3	38	3600	4	1
10	12	4	9	19	3600	4	1
10	12	4	14	17	3600	4	1
10	12	4	19	9	3600	4	1
10	12	4	25	7	3600	4	1
10	12	4	31	0	0	1	1
10	12	14	21	7	3600	4	1
10	12	14	26	9	3600	4	1
10	12	14	32	17	3600	4	1
10	12	14	37	19	3600	4	1
10	12	14	43	38	3600	4	1
10	12	14	48	55	3600	4	1
10	12	14	53	80	3600	4	1
10	12	14	59	230	3600	4	1
10	12	15	4	410	3600	4	1
10	12	15	9	630	3600	4	1
10	12	15	15	1050	3600	4	1
10	12	15	20	1800	3600	4	1
10	12	15	25	1800	3650	4	1
10	12	15	31	1800	3700	4	1
10	13	3	24	1800	3650	4	1
10	13	3	29	1800	3600	4	1
10	13	3	34	1050	3600	4	1
10	13	3	40	630	3600	4	1
10	13	3	45	410	3600	4	1
10	13	3	50	230	3600	4	1
10	13	3	56	80	3600	4	1
10	13	4	1	55	3600	4	1
10	13	4	7	38	3600	4	1
10	13	4	12	19	3600	4	1
10	13	4	18	17	3600	4	1
10	13	4	23	9	3600	4	1
10	13	4	29	7	3600	4	1
10	13	4	34	0	0	1	1
10	13	14	16	7	3600	4	1
10	13	14	22	9	3600	4	1
10	13	14	28	17	3600	4	1
10	13	14	33	19	3600	4	1
10	13	14	39	38	3600	4	1
10	13	14	44	55	3600	4	1
10	13	14	49	80	3600	4	1
10	13	14	55	230	3600	4	1
10	13	15	0	410	3600	4	1
10	13	15	5	630	3600	4	1
10	13	15	11	1050	3600	4	1
10	13	15	16	1800	3600	4	1
10	13	15	21	1800	3650	4	1
10	13	15	27	1800	3700	4	1
10	14	3	27	1800	3650	4	1
10	14	3	32	1800	3600	4	1
10	14	3	38	1050	3600	4	1
10	14	3	43	630	3600	4	1
10	14	3	48	410	3600	4	1
10	14	3	54	230	3600	4	1
10	14	3	59	80	3600	4	1
10	14	4	5	55	3600	4	1
10	14	4	10	38	3600	4	1
10	14	4	16	19	3600	4	1
10	14	4	21	17	3600	4	1
10	14	4	27	9	3600	4	1
10	14	4	32	7	3600	4	1
10	14	4	38	0	0	1	1
10	14	14	12	7	3600	4	1
10	14	14	18	9	3600	4	1
10	14	14	24	17	3600	4	1
10	14	14	29	19	3600	4	1
10	14	14	35	38	3600	4	1
10	14	14	40	55	3600	4	1
10	14	14	45	80	3600	4	1
10	14	14	51	230	3600	4	1
10	14	14	56	410	3600	4	1
10	14	15	2	630	3600	4	1
10	14	15	7	1050	3600	4	1
10	14	15	12	1800	3600	4	1
10	14	15	18	1800	3650	4	1
10	14	15	23	1800	3700	4	1
10	15	3	31	1800	3650	4	1
10	15	3	36	1800	3600	4	1
10	15	3	41	1050	3600	4	1
10	15	3	47	630	3600	4	1
10	15	3	52	410	3600	4	1
10	15	3	57	230	3600	4	1
10	15	4	3	80	3600	4	1
10	15	4	8	55	3600	4	1
10	15	4	14	38	3600	4	1
10	15	4	19	19	3600	4	1
10	15	4	25	17	3600	4	1
10	15	4	30	9	3600	4	1
10	15	4	36	7	3600	4	1
10	15	4	42	0	0	1	1
10	15	14	8	7	3600	4	1
10	15	14	14	9	3600	4	1
10	15	14	19	17	3600	4	1
10	15	14	25	19	3600	4	1
10	15	14	31	38	3600	4	1
10	15	14	36	55	3600	4	1
10	15	14	41	80	3600	4	1
10	15	14	47	230	3600	4	1
10	15	14	52	410	3600	4	1
10	15	14	58	630	3600	4	1
10	15	15	3	1050	3600	4	1
10	15	15	8	1800	3600	4	1
10	15	15	14	1800	3650	4	1
10	15	15	19	1800	3700	4	1
10	16	3	34	1800	3650	4	1
10	16	3	39	1800	3600	4	1
10	16	3	45	1050	3600	4	1
10	16	3	50	630	3600	4	1
10	16	3	55	410	3600	4	1
10	16	4	1	230	3600	4	1
10	16	4	6	80	3600	4	1
10	16	4	12	55	3600	4	1
10	16	4	17	38	3600	4	1
10	16	4	23	19	3600	4	1
10	16	4	28	17	3600	4	1
10	16	4	34	9	3600	4	1
10	16	4	40	7	3600	4	1
10	16	4	45	0	0	1	1
10	16	14	4	7	3600	4	1
10	16	14	10	9	3600	4	1
10	16	14	15	17	3600	4	1
10	16	14	21	19	3600	4	1
10	16	14	27	38	3600	4	1
10	16	14	32	55	3600	4	1
10	16	14	38	80	3600	4	1
10	16	14	43	230	3600	4	1
10	16	14	48	410	3600	4	1
10	16	14	54	630	3600	4	1
10	16	14	59	1050	3600	4	1
10	16	15	5	1800	3600	4	1
10	16	15	10	1800	3650	4	1
10	16	15	15	1800	3700	4	1
10	17	3	37	1800	3650	4	1
10	17	3	43	1800	3600	4	1
10	17	3	48	1050	3600	4	1
10	17	3	53	630	3600	4	1
10	17	3	59	410	3600	4	1
10	17	4	4	230	3600	4	1
10	17	4	10	80	3600	4	1
10	17	4	15	55	3600	4	1
10	17	4	21	38	3600	4	1
10	17	4	26	19	3600	4	1
10	17	4	32	17	3600	4	1
10	17	4	38	9	3600	4	1
10	17	4	43	7	3600	4	1
10	17	4	49	0	0	1	1
10	17	14	0	7	3600	4	1
10	17	14	6	9	3600	4	1
10	17	14	11	17	3600	4	1
10	17	14	17	19	3600	4	1
10	17	14	23	38	3600	4	1
10	17	14	28	55	3600	4	1
10	17	14	34	80	3600	4	1
10	17	14	39	230	3600	4	1
10	17	14	45	410	3600	4	1
10	17	14	50	630	3600	4	1
10	17	14	55	1050	3600	4	1
10	17	15	1	1800	3600	4	1
10	17	15	6	1800	3650	4	1
10	17	15	11	1800	3700	4	1
10	18	3	41	1800	3650	4	1
10	18	3	46	1800	3600	4	1
10	18	3	52	1050	3600	4	1
10	18	3	57	630	3600	4	1
10	18	4	2	410	3600	4	1
10	18	4	8	230	3600	4	1
10	18	4	13	80	3600	4	1
10	18	4	19	55	3600	4	1
10	18	4	24	38	3600	4	1
10	18	4	30	19	3600	4	1
10	18	4	36	17	3600	4	1
10	18	4	41	9	3600	4	1
10	18	4	47	7	3600	4	1
10	18	4	53	0	0	1	1
10	18	13	56	7	3600	4	1
10	18	14	2	9	3600	4	1
10	18	14	7	17	3600	4	1
10	18	14	13	19	3600	4	1
10	18	14	19	38	3600	4	1
10	18	14	24	55	3600	4	1
10	18	14	30	80	3600	4	1
10	18	14	35	230	3600	4	1
10	18	14	41	410	3600	4	1
10	18	14	46	630	3600	4	1
10	18	14	52	1050	3600	4	1
10	18	14	57	1800	3600	4	1
10	18	15	2	1800	3650	4	1
10	18	15	8	1800	3700	4	1
10	19	3	44	1800	3650	4	1
10	19	3	50	1800	3600	4	1
10	19	3	55	1050	3600	4	1
10	19	4	0	630	3600	4	1
10	19	4	6	410	3600	4	1
10	19	4	11	230	3600	4	1
10	19	4	17	80	3600	4	1
10	19	4	22	55	3600	4	1
10	19	4	28	38	3600	4	1
10	19	4	34	19	3600	4	1
10	19	4	39	17	3600	4	1
10	19	4	45	9	3600	4	1
10	19	4	51	7	3600	4	1
10	19	4	57	0	0	1	1
10	19	13	52	7	3600	4	1
10	19	13	58	9	3600	4	1
10	19	14	3	17	3600	4	1
10	19	14	9	19	3600	4	1
10	19	14	15	38	3600	4	1
10	19	14	20	55	3600	4	1
10	19	14	26	80	3600	4	1
10	19	14	31	230	3600	4	1
10	19	14	37	410	3600	4	1
10	19	14	42	630	3600	4	1
10	19	14	48	1050	3600	4	1
10	19	14	53	1800	3600	4	1
10	19	14	59	1800	3650	4	1
10	19	15	4	1800	3700	4	1
10	20	3	48	1800	3650	4	1
10	20	3	53	1800	3600	4	1
10	20	3	58	1050	3600	4	1
10	20	4	4	630	3600	4	1
10	20	4	9	410	3600	4	1
10	20	4	15	230	3600	4	1
10	20	4	20	80	3600	4	1
10	20	4	26	55	3600	4	1
10	20	4	32	38	3600	4	1
10	20	4	37	20	3600	4	1
10	20	4	43	17	3600	4	1
10	20	4	49	9	3600	4	1
10	20	4	55	7	3600	4	1
10	20	5	0	0	0	1	1
10	20	13	48	7	3600	4	1
10	20	13	53	9	3600	4	1
10	20	13	59	17	3600	4	1
10	20	14	5	19	3600	4	1
10	20	14	11	38	3600	4	1
10	20	14	16	55	3600	4	1
10	20	14	22	80	3600	4	1
10	20	14	28	230	3600	4	1
10	20	14	33	410	3600	4	1
10	20	14	39	630	3600	4	1
10	20	14	44	1050	3600	4	1
10	20	14	49	1800	3600	4	1
10	20	14	55	1800	3650	4	1
10	20	15	0	1800	3700	4	1
10	21	3	51	1800	3650	4	1
10	21	3	56	1800	3600	4	1
10	21	4	2	1050	3600	4	1
10	21	4	7	630	3600	4	1
10	21	4	13	410	3600	4	1
10	21	4	18	230	3600	4	1
10	21	4	24	80	3600	4	1
10	21	4	29	55	3600	4	1
10	21	4	35	38	3600	4	1
10	21	4	41	19	3600	4	1
10	21	4	47	17	3600	4	1
10	21	4	52	9	3600	4	1
10	21	4	58	7	3600	4	1
10	21	5	4	0	0	1	1
10	21	13	43	7	3600	4	1
10	21	13	49	9	3600	4	1
10	21	13	55	17	3600	4	1
10	21	14	1	19	3600	4	1
10	21	14	7	38	3600	4	1
10	21	14	12	55	3600	4	1
10	21	14	18	80	3600	4	1
10	21	14	24	230	3600	4	1
10	21	14	29	410	3600	4	1
10	21	14	35	630	3600	4	1
10	21	14	40	1050	3600	4	1
10	21	14	46	1800	3600	4	1
10	21	14	51	1800	3650	4	1
10	21	14	56	1800	3700	4	1
10	22	3	54	1800	3650	4	1
10	22	4	0	1800	3600	4	1
10	22	4	5	1050	3600	4	1
10	22	4	11	630	3600	4	1
10	22	4	16	410	3600	4	1
10	22	4	22	230	3600	4	1
10	22	4	27	80	3600	4	1
10	22	4	33	55	3600	4	1
10	22	4	39	38	3600	4	1
10	22	4	44	19	3600	4	1
10	22	4	50	17	3600	4	1
10	22	4	56	9	3600	4	1
10	22	5	2	7	3600	4	1
10	22	5	8	0	0	1	1
10	22	13	39	7	3600	4	1
10	22	13	45	9	3600	4	1
10	22	13	51	17	3600	4	1
10	22	13	57	19	3600	4	1
10	22	14	3	38	3600	4	1
10	22	14	9	55	3600	4	1
10	22	14	14	80	3600	4	1
10	22	14	20	230	3600	4	1
10	22	14	25	410	3600	4	1
10	22	14	31	630	3600	4	1
10	22	14	36	1050	3600	4	1
10	22	14	42	1800	3600	4	1
10	22	14	47	1800	3650	4	1
10	22	14	53	1800	3700	4	1
10	23	3	58	1800	3650	4	1
10	23	4	3	1800	3600	4	1
10	23	4	9	1050	3600	4	1
10	23	4	14	630	3600	4	1
10	23	4	20	410	3600	4	1
10	23	4	25	230	3600	4	1
10	23	4	31	80	3600	4	1
10	23	4	37	55	3600	4	1
10	23	4	42	38	3600	4	1
10	23	4	48	19	3600	4	1
10	23	4	54	17	3600	4	1
10	23	5	0	9	3600	4	1
10	23	5	6	7	3600	4	1
10	23	5	12	0	0	1	1
10	23	13	35	7	3600	4	1
10	23	13	41	9	3600	4	1
10	23	13	47	17	3600	4	1
10	23	13	53	19	3600	4	1
10	23	13	59	38	3600	4	1
10	23	14	5	55	3600	4	1
10	23	14	10	80	3600	4	1
10	23	14	16	230	3600	4	1
10	23	14	22	410	3600	4	1
10	23	14	27	630	3600	4	1
10	23	14	33	1050	3600	4	1
10	23	14	38	1800	3600	4	1
10	23	14	44	1800	3650	4	1
10	23	14	49	1800	3700	4	1
10	24	4	1	1800	3650	4	1
10	24	4	7	1800	3600	4	1
10	24	4	12	1050	3600	4	1
10	24	4	18	630	3600	4	1
10	24	4	23	410	3600	4	1
10	24	4	29	230	3600	4	1
10	24	4	35	80	3600	4	1
10	24	4	40	55	3600	4	1
10	24	4	46	38	3600	4	1
10	24	4	52	19	3600	4	1
10	24	4	58	17	3600	4	1
10	24	5	4	9	3600	4	1
10	24	5	10	7	3600	4	1
10	24	5	16	0	0	1	1
10	24	13	31	7	3600	4	1
10	24	13	37	9	3600	4	1
10	24	13	43	17	3600	4	1
10	24	13	49	19	3600	4	1
10	24	13	55	38	3600	4	1
10	24	14	1	55	3600	4	1
10	24	14	7	80	3600	4	1
10	24	14	12	230	3600	4	1
10	24	14	18	410	3600	4	1
10	24	14	24	630	3600	4	1
10	24	14	29	1050	3600	4	1
10	24	14	35	1800	3600	4	1
10	24	14	40	1800	3650	4	1
10	24	14	46	1800	3700	4	1
10	25	4	5	1800	3650	4	1
10	25	4	10	1800	3600	4	1
10	25	4	16	1050	3600	4	1
10	25	4	21	630	3600	4	1
10	25	4	27	410	3600	4	1
10	25	4	32	230	3600	4	1
10	25	4	38	80	3600	4	1
10	25	4	44	55	3600	4	1
10	25	4	50	38	3600	4	1
10	25	4	55	19	3600	4	1
10	25	5	1	17	3600	4	1
10	25	5	7	9	3600	4	1
10	25	5	14	7	3600	4	1
10	25	5	20	0	0	1	1
10	25	13	27	7	3600	4	1
10	25	13	33	9	3600	4	1
10	25	13	39	17	3600	4	1
10	25	13	45	19	3600	4	1
10	25	13	51	38	3600	4	1
10	25	13	57	55	3600	4	1
10	25	14	3	80	3600	4	1
10	25	14	9	230	3600	4	1
10	25	14	14	410	3600	4	1
10	25	14	20	630	3600	4	1
10	25	14	25	1050	3600	4	1
10	25	14	31	1800	3600	4	1
10	25	14	36	1800	3650	4	1
10	25	14	42	1800	3700	4	1
10	26	4	8	1800	3650	4	1
10	26	4	13	1800	3600	4	1
10	26	4	19	1050	3600	4	1
10	26	4	25	630	3600	4	1
10	26	4	30	410	3600	4	1
10	26	4	36	230	3600	4	1
10	26	4	42	80	3600	4	1
10	26	4	47	55	3600	4	1
10	26	4	53	38	3600	4	1
10	26	4	59	19	3600	4	1
10	26	5	5	17	3600	4	1
10	26	5	11	9	3600	4	1
10	26	5	17	7	3600	4	1
10	26	5	24	0	0	1	1
10	26	13	23	7	3600	4	1
10	26	13	29	9	3600	4	1
10	26	13	35	17	3600	4	1
10	26	13	41	19	3600	4	1
10	26	13	47	38	3600	4	1
10	26	13	53	55	3600	4	1
10	26	13	59	80	3600	4	1
10	26	14	5	230	3600	4	1
10	26	14	10	410	3600	4	1
10	26	14	16	630	3600	4	1
10	26	14	22	1050	3600	4	1
10	26	14	27	1800	3600	4	1
10	26	14	33	1800	3650	4	1
10	26	14	38	1800	3700	4	1
10	27	4	11	1800	3650	4	1
10	27	4	17	1800	3600	4	1
10	27	4	22	1050	3600	4	1
10	27	4	28	630	3600	4	1
10	27	4	34	410	3600	4	1
10	27	4	39	230	3600	4	1
10	27	4	45	80	3600	4	1
10	27	4	51	55	3600	4	1
10	27	4	57	38	3600	4	1
10	27	5	3	19	3600	4	1
10	27	5	9	17	3600	4	1
10	27	5	15	9	3600	4	1
10	27	5	21	7	3600	4	1
10	27	5	28	0	0	1	1
10	27	13	19	7	3600	4	1
10	27	13	25	9	3600	4	1
10	27	13	31	17	3600	4	1
10	27	13	37	19	3600	4	1
10	27	13	43	38	3600	4	1
10	27	13	49	55	3600	4	1
10	27	13	55	80	3600	4	1
10	27	14	1	230	3600	4	1
10	27	14	7	410	3600	4	1
10	27	14	13	630	3600	4	1
10	27	14	18	1050	3600	4	1
10	27	14	24	1800	3600	4	1
10	27	14	29	1800	3650	4	1
10	27	14	35	1800	3700	4	1
10	28	4	15	1800	3650	4	1
10	28	4	20	1800	3600	4	1
10	28	4	26	1050	3600	4	1
10	28	4	31	630	3600	4	1
10	28	4	37	410	3600	4	1
10	28	4	43	230	3600	4	1
10	28	4	49	80	3600	4	1
10	28	4	55	55	3600	4	1
10	28	5	1	38	3600	4	1
10	28	5	7	19	3600	4	1
10	28	5	13	17	3600	4	1
10	28	5	19	9	3600	4	1
10	28	5	25	7	3600	4	1
10	28	5	32	0	0	1	1
10	28	13	15	7	3600	4	1
10	28	13	21	9	3600	4	1
10	28	13	27	17	3600	4	1
10	28	13	33	19	3600	4	1
10	28	13	40	38	3600	4	1
10	28	13	46	55	3600	4	1
10	28	13	51	80	3600	4	1
10	28	13	57	230	3600	4	1
10	28	14	3	410	3600	4	1
10	28	14	9	630	3600	4	1
10	28	14	15	1050	3600	4	1
10	28	14	20	1800	3600	4	1
10	28	14	26	1800	3650	4	1
10	28	14	31	1800	3700	4	1
10	29	4	18	1800	3650	4	1
10	29	4	24	1800	3600	4	1
10	29	4	29	1050	3600	4	1
10	29	4	35	630	3600	4	1
10	29	4	41	410	3600	4	1
10	29	4	46	230	3600	4	1
10	29	4	52	80	3600	4	1
10	29	4	58	55	3600	4	1
10	29	5	4	38	3600	4	1
10	29	5	10	19	3600	4	1
10	29	5	17	17	3600	4	1
10	29	5	23	9	3600	4	1
10	29	5	29	7	3600	4	1
10	29	5	36	0	0	1	1
10	29	13	10	7	3600	4	1
10	29	13	17	9	3600	4	1
10	29	13	23	17	3600	4	1
10	29	13	30	19	3600	4	1
10	29	13	36	38	3600	4	1
10	29	13	42	55	3600	4	1
10	29	13	48	80	3600	4	1
10	29	13	54	230	3600	4	1
10	29	13	59	410	3600	4	1
10	29	14	5	630	3600	4	1
10	29	14	11	1050	3600	4	1
10	29	14	17	1800	3600	4	1
10	29	14	22	1800	3650	4	1
10	29	14	28	1800	3700	4	1
10	30	4	21	1800	3650	4	1
10	30	4	27	1800	3600	4	1
10	30	4	33	1050	3600	4	1
10	30	4	38	630	3600	4	1
10	30	4	44	410	3600	4	1
10	30	4	50	230	3600	4	1
10	30	4	56	80	3600	4	1
10	30	5	2	55	3600	4	1
10	30	5	8	38	3600	4	1
10	30	5	14	19	3600	4	1
10	30	5	20	17	3600	4	1
10	30	5	27	9	3600	4	1
10	30	5	33	7	3600	4	1
10	30	5	40	0	0	1	1
10	30	13	6	7	3600	4	1
10	30	13	13	9	3600	4	1
10	30	13	19	17	3600	4	1
10	30	13	26	19	3600	4	1
10	30	13	32	38	3600	4	1
10	30	13	38	55	3600	4	1
10	30	13	44	60	3600	4	1
10	30	13	50	230	3600	4	1
10	30	13	56	410	3600	4	1
10	30	14	2	630	3600	4	1
10	30	14	7	1050	3600	4	1
10	30	14	13	1800	3600	4	1
10	30	14	19	1800	3650	4	1
10	30	14	24	1800	3700	4	1
10	31	4	25	1800	3650	4	1
10	31	4	30	1800	3600	4	1
10	31	4	36	1050	3600	4	1
10	31	4	42	630	3600	4	1
10	31	4	48	410	3600	4	1
10	31	4	54	230	3600	4	1
10	31	5	0	80	3600	4	1
10	31	5	6	55	3600	4	1
10	31	5	12	38	3600	4	1
10	31	5	18	19	3600	4	1
10	31	5	24	17	3600	4	1
10	31	5	30	9	3600	4	1
10	31	5	37	7	3600	4	1
10	31	5	44	0	0	1	1
10	31	13	2	7	3600	4	1
10	31	13	9	9	3600	4	1
10	31	13	15	17	3600	4	1
10	31	13	22	19	3600	4	1
10	31	13	28	38	3600	4	1
10	31	13	34	55	3600	4	1
10	31	13	40	80	3600	4	1
10	31	13	46	230	3600	4	1
10	31	13	52	410	3600	4	1
10	31	13	58	630	3600	4	1
10	31	14	4	1050	3600	4	1
10	31	14	10	1800	3600	4	1
10	31	14	15	1800	3650	4	1
10	31	14	21	1800	3700	4	1
11	1	4	28	1800	3650	4	1
11	1	4	34	1800	3600	4	1
11	1	4	39	1050	3600	4	1
11	1	4	45	630	3600	4	1
11	1	4	51	410	3600	4	1
11	1	4	57	230	3600	4	1
11	1	5	3	80	3600	4	1
11	1	5	9	55	3600	4	1
11	1	5	15	38	3600	4	1
11	1	5	22	19	3600	4	1
11	1	5	28	17	3600	4	1
11	1	5	34	9	3600	4	1
11	1	5	41	7	3600	4	1
11	1	5	48	0	0	1	1
11	1	12	58	7	3600	4	1
11	1	13	5	9	3600	4	1
11	1	13	11	17	3600	4	1
11	1	13	18	18	3600	4	1
11	1	13	24	38	3600	4	1
11	1	13	30	55	3600	4	1
11	1	13	37	80	3600	4	1
11	1	13	43	230	3600	4	1
11	1	13	49	410	3600	4	1
11	1	13	55	630	3600	4	1
11	1	14	0	1050	3600	4	1
11	1	14	6	1800	3600	4	1
11	1	14	12	1800	3650	4	1
11	1	14	18	1800	3700	4	1
11	2	4	31	1800	3650	4	1
11	2	4	37	1800	3600	4	1
11	2	4	43	1050	3600	4	1
11	2	4	49	630	3600	4	1
11	2	4	55	410	3600	4	1
11	2	5	1	230	3600	4	1
11	2	5	7	80	3600	4	1
11	2	5	13	55	3600	4	1
11	2	5	19	38	3600	4	1
11	2	5	25	19	3600	4	1
11	2	5	32	17	3600	4	1
11	2	5	38	9	3600	4	1
11	2	5	45	7	3600	4	1
11	2	5	52	0	0	1	1
11	2	12	54	7	3600	4	1
11	2	13	1	9	3600	4	1
11	2	13	7	17	3600	4	1
11	2	13	14	19	3600	4	1
11	2	13	20	38	3600	4	1
11	2	13	27	55	3600	4	1
11	2	13	33	80	3600	4	1
11	2	13	39	230	3600	4	1
11	2	13	45	410	3600	4	1
11	2	13	51	630	3600	4	1
11	2	13	57	1050	3600	4	1
11	2	14	3	1800	3600	4	1
11	2	14	9	1800	3650	4	1
11	2	14	14	1800	3700	4	1
11	3	4	35	1800	3650	4	1
11	3	4	40	1800	3600	4	1
11	3	4	46	1050	3600	4	1
11	3	4	52	630	3600	4	1
11	3	4	58	410	3600	4	1
11	3	5	4	230	3600	4	1
11	3	5	10	80	3600	4	1
11	3	5	17	55	3600	4	1
11	3	5	23	38	3600	4	1
11	3	5	29	19	3600	4	1
11	3	5	36	17	3600	4	1
11	3	5	42	9	3600	4	1
11	3	5	49	7	3600	4	1
11	3	5	56	0	0	1	1
11	3	12	50	7	3600	4	1
11	3	12	57	9	3600	4	1
11	3	13	4	17	3600	4	1
11	3	13	10	19	3600	4	1
11	3	13	17	38	3600	4	1
11	3	13	23	55	3600	4	1
11	3	13	29	80	3600	4	1
11	3	13	36	230	3600	4	1
11	3	13	42	410	3600	4	1
11	3	13	48	630	3600	4	1
11	3	13	54	1050	3600	4	1
11	3	13	59	1800	3600	4	1
11	3	14	5	1800	3650	4	1
11	3	14	11	1800	3700	4	1
11	4	4	38	1800	3650	4	1
11	4	4	44	1800	3600	4	1
11	4	4	50	1050	3600	4	1
11	4	4	56	630	3600	4	1
11	4	5	2	410	3600	4	1
11	4	5	8	230	3600	4	1
11	4	5	14	80	3600	4	1
11	4	5	20	55	3600	4	1
11	4	5	27	38	3600	4	1
11	4	5	33	19	3600	4	1
11	4	5	40	17	3600	4	1
11	4	5	46	9	3600	4	1
11	4	5	53	7	3600	4	1
11	4	6	0	0	0	1	1
11	4	12	46	7	3600	4	1
11	4	12	53	9	3600	4	1
11	4	13	0	17	3600	4	1
11	4	13	6	19	3600	4	1
11	4	13	13	38	3600	4	1
11	4	13	19	55	3600	4	1
11	4	13	26	80	3600	4	1
11	4	13	32	230	3600	4	1
11	4	13	38	410	3600	4	1
11	4	13	44	630	3600	4	1
11	4	13	50	1050	3600	4	1
11	4	13	56	1800	3600	4	1
11	4	14	2	1800	3650	4	1
11	4	14	8	1800	3700	4	1
11	5	4	41	1800	3650	4	1
11	5	4	47	1800	3600	4	1
11	5	4	53	1050	3600	4	1
11	5	4	59	630	3600	4	1
11	5	5	5	410	3600	4	1
11	5	5	11	230	3600	4	1
11	5	5	18	80	3600	4	1
11	5	5	24	55	3600	4	1
11	5	5	30	38	3600	4	1
11	5	5	37	19	3600	4	1
11	5	5	44	17	3600	4	1
11	5	5	50	9	3600	4	1
11	5	5	57	7	3600	4	1
11	5	6	4	0	0	1	1
11	5	12	42	7	3600	4	1
11	5	12	49	9	3600	4	1
11	5	12	56	17	3600	4	1
11	5	13	2	19	3600	4	1
11	5	13	9	38	3600	4	1
11	5	13	16	55	3600	4	1
11	5	13	22	80	3600	4	1
11	5	13	28	230	3600	4	1
11	5	13	35	410	3600	4	1
11	5	13	41	630	3600	4	1
11	5	13	47	1050	3600	4	1
11	5	13	53	1800	3600	4	1
11	5	13	59	1800	3650	4	1
11	5	14	5	1800	3700	4	1
11	6	4	45	1800	3650	4	1
11	6	4	51	1800	3600	4	1
11	6	4	57	1050	3600	4	1
11	6	5	3	630	3600	4	1
11	6	5	9	410	3600	4	1
11	6	5	15	230	3600	4	1
11	6	5	21	80	3600	4	1
11	6	5	28	55	3600	4	1
11	6	5	34	38	3600	4	1
11	6	5	41	19	3600	4	1
11	6	5	47	17	3600	4	1
11	6	5	54	9	3600	4	1
11	6	6	1	7	3600	4	1
11	6	6	9	0	0	1	1
11	6	12	37	7	3600	4	1
11	6	12	45	9	3600	4	1
11	6	12	52	17	3600	4	1
11	6	12	59	19	3600	4	1
11	6	13	5	38	3600	4	1
11	6	13	12	55	3600	4	1
11	6	13	19	80	3600	4	1
11	6	13	25	230	3600	4	1
11	6	13	31	410	3600	4	1
11	6	13	37	630	3600	4	1
11	6	13	43	1050	3600	4	1
11	6	13	49	1800	3600	4	1
11	6	13	55	1800	3650	4	1
11	6	14	1	1800	3700	4	1
11	7	4	48	1800	3650	4	1
11	7	4	54	1800	3600	4	1
11	7	5	0	1050	3600	4	1
11	7	5	6	630	3600	4	1
11	7	5	12	410	3600	4	1
11	7	5	18	230	3600	4	1
11	7	5	25	80	3600	4	1
11	7	5	31	55	3600	4	1
11	7	5	38	38	3600	4	1
11	7	5	44	19	3600	4	1
11	7	5	51	17	3600	4	1
11	7	5	58	9	3600	4	1
11	7	6	6	7	3600	4	1
11	7	6	13	0	0	1	1
11	7	12	33	7	3600	4	1
11	7	12	41	9	3600	4	1
11	7	12	48	17	3600	4	1
11	7	12	55	19	3600	4	1
11	7	13	2	38	3600	4	1
11	7	13	8	55	3600	4	1
11	7	13	15	80	3600	4	1
11	7	13	21	230	3600	4	1
11	7	13	28	410	3600	4	1
11	7	13	34	630	3600	4	1
11	7	13	40	1050	3600	4	1
11	7	13	46	1800	3600	4	1
11	7	13	52	1800	3650	4	1
11	7	13	58	1800	3700	4	1
11	8	4	51	1800	3650	4	1
11	8	4	57	1800	3600	4	1
11	8	5	3	1050	3600	4	1
11	8	5	9	630	3600	4	1
11	8	5	16	410	3600	4	1
11	8	5	22	230	3600	4	1
11	8	5	28	80	3600	4	1
11	8	5	35	55	3600	4	1
11	8	5	42	38	3600	4	1
11	8	5	48	19	3600	4	1
11	8	5	55	17	3600	4	1
11	8	6	2	9	3600	4	1
11	8	6	10	7	3600	4	1
11	8	6	17	0	0	1	1
11	8	12	29	7	3600	4	1
11	8	12	37	9	3600	4	1
11	8	12	44	17	3600	4	1
11	8	12	51	19	3600	4	1
11	8	12	58	38	3600	4	1
11	8	13	5	55	3600	4	1
11	8	13	11	80	3600	4	1
11	8	13	18	230	3600	4	1
11	8	13	24	410	3600	4	1
11	8	13	31	630	3600	4	1
11	8	13	37	1050	3600	4	1
11	8	13	43	1800	3600	4	1
11	8	13	49	1800	3650	4	1
11	8	13	55	1800	3700	4	1
11	9	4	55	1800	3650	4	1
11	9	5	1	1800	3600	4	1
11	9	5	7	1050	3600	4	1
11	9	5	13	630	3600	4	1
11	9	5	19	410	3600	4	1
11	9	5	25	230	3600	4	1
11	9	5	32	80	3600	4	1
11	9	5	39	55	3600	4	1
11	9	5	45	38	3600	4	1
11	9	5	52	19	3600	4	1
11	9	5	59	17	3600	4	1
11	9	6	7	9	3600	4	1
11	9	6	14	7	3600	1	1
11	9	6	22	0	0	4	1
11	9	12	25	9	3600	4	1
11	9	12	33	17	3600	4	1
11	9	12	40	19	3600	4	1
11	9	12	47	38	3600	4	1
11	9	12	54	55	3600	4	1
11	9	13	1	80	3600	4	1
11	9	13	8	230	3600	4	1
11	9	13	15	410	3600	4	1
11	9	13	21	630	3600	4	1
11	9	13	27	1050	3600	4	1
11	9	13	34	1800	3600	4	1
11	9	13	40	1800	3600	4	1
11	9	13	46	1800	3650	4	1
11	9	13	52	1800	3700	4	1
11	10	4	58	1800	3650	4	1
11	10	5	4	1800	3600	4	1
11	10	5	10	1050	3600	4	1
11	10	5	16	630	3600	4	1
11	10	5	23	410	3600	4	1
11	10	5	29	230	3600	4	1
11	10	5	36	80	3600	4	1
11	10	5	42	55	3600	4	1
11	10	5	49	38	3600	4	1
11	10	5	56	19	3600	4	1
11	10	6	3	17	3600	4	1
11	10	6	11	9	3600	4	1
11	10	6	18	7	3600	4	1
11	10	6	26	0	0	1	1
11	10	12	21	7	3600	4	1
11	10	12	29	9	3600	4	1
11	10	12	36	17	3600	4	1
11	10	12	44	19	3600	4	1
11	10	12	51	38	3600	4	1
11	10	12	58	55	3600	4	1
11	10	13	4	80	3600	4	1
11	10	13	11	230	3600	4	1
11	10	13	18	410	3600	4	1
11	10	13	24	630	3600	4	1
11	10	13	30	1050	3600	4	1
11	10	13	37	1800	3600	4	1
11	10	13	43	1800	3650	4	1
11	10	13	49	1800	3700	4	1
11	11	5	1	1800	3650	4	1
11	11	5	7	1800	3600	4	1
11	11	5	13	1050	3600	4	1
11	11	5	20	630	3600	4	1
11	11	5	26	410	3600	4	1
11	11	5	33	230	3600	4	1
11	11	5	39	80	3600	4	1
11	11	5	46	55	3600	4	1
11	11	5	53	38	3600	4	1
11	11	6	0	19	3600	4	1
11	11	6	7	17	3600	4	1
11	11	6	15	9	3600	4	1
11	11	6	22	7	3600	4	1
11	11	6	30	0	0	1	1
11	11	12	17	7	3600	4	1
11	11	12	25	9	3600	4	1
11	11	12	32	17	3600	4	1
11	11	12	40	19	3600	4	1
11	11	12	47	38	3600	4	1
11	11	12	54	55	3600	4	1
11	11	13	1	80	3600	4	1
11	11	13	8	230	3600	4	1
11	11	13	14	410	3600	4	1
11	11	13	21	630	3600	4	1
11	11	13	27	1050	3600	4	1
11	11	13	34	1800	3600	4	1
11	11	13	40	1800	3650	4	1
11	11	13	46	1800	3700	4	1
11	12	5	4	1800	3650	4	1
11	12	5	10	1800	3600	4	1
11	12	5	17	1050	3600	4	1
11	12	5	23	630	3600	4	1
11	12	5	30	410	3600	4	1
11	12	5	36	230	3600	4	1
11	12	5	43	80	3600	4	1
11	12	5	50	55	3600	4	1
11	12	5	57	38	3600	4	1
11	12	6	4	19	3600	4	1
11	12	6	11	17	3600	4	1
11	12	6	19	9	3600	4	1
11	12	6	27	7	3600	4	1
11	12	6	35	0	0	1	1
11	12	12	20	7	3600	4	1
11	12	12	21	9	3600	4	1
11	12	12	28	17	3600	4	1
11	12	12	36	19	3600	4	1
11	12	12	43	38	3600	4	1
11	12	12	51	55	3600	4	1
11	12	12	58	80	3600	4	1
11	12	13	4	230	3600	4	1
11	12	13	11	410	3600	4	1
11	12	13	18	630	3600	4	1
11	12	13	24	1050	3600	4	1
11	12	13	31	1800	3600	4	1
11	12	13	37	1800	3650	4	1
11	12	13	43	1800	3700	4	1
11	13	5	7	1800	3650	4	1
11	13	5	14	1800	3600	4	1
11	13	5	20	1050	3600	4	1
11	13	5	26	630	3600	4	1
11	13	5	33	410	3600	4	1
11	13	5	40	230	3600	4	1
11	13	5	46	80	3600	4	1
11	13	5	53	55	3600	4	1
11	13	6	0	38	3600	4	1
11	13	6	8	19	3600	4	1
11	13	6	15	17	3600	4	1
11	13	6	23	9	3600	4	1
11	13	6	31	7	3600	4	1
11	13	6	39	0	0	1	1
11	13	12	8	7	3600	4	1
11	13	12	17	9	3600	4	1
11	13	12	25	17	3600	4	1
11	13	12	32	19	3600	4	1
11	13	12	40	38	3600	4	1
11	13	12	47	55	3600	4	1
11	13	12	54	80	3600	4	1
11	13	13	1	230	3600	4	1
11	13	13	8	410	3600	4	1
11	13	13	15	630	3600	4	1
11	13	13	21	1050	3600	4	1
11	13	13	28	1800	3600	4	1
11	13	13	34	1800	3650	4	1
11	13	13	40	1800	3700	4	1
11	14	5	11	1800	3650	4	1
11	14	5	17	1800	3600	4	1
11	14	5	23	1050	3600	4	1
11	14	5	30	630	3600	4	1
11	14	5	36	410	3600	4	1
11	14	5	43	230	3600	4	1
11	14	5	50	80	3600	4	1
11	14	5	57	55	3600	4	1
11	14	6	4	38	3600	4	1
11	14	6	12	19	3600	4	1
11	14	6	19	17	3600	4	1
11	14	6	27	9	3600	4	1
11	14	6	35	7	3600	4	1
11	14	6	44	0	0	1	1
11	14	12	4	7	3600	4	1
11	14	12	13	9	3600	4	1
11	14	12	21	17	3600	4	1
11	14	12	29	19	3600	4	1
11	14	12	36	38	3600	4	1
11	14	12	44	55	3600	4	1
11	14	12	51	80	3600	4	1
11	14	12	58	230	3600	4	1
11	14	13	5	410	3600	4	1
11	14	13	12	630	3600	4	1
11	14	13	18	1050	3600	4	1
11	14	13	25	1800	3600	4	1
11	14	13	31	1800	3650	4	1
11	14	13	37	1800	3700	4	1
11	15	5	14	1800	3650	4	1
11	15	5	20	1800	3600	4	1
11	15	5	27	1050	3600	4	1
11	15	5	33	630	3600	4	1
11	15	5	40	410	3600	4	1
11	15	5	47	230	3600	4	1
11	15	5	54	80	3600	4	1
11	15	6	1	55	3600	4	1
11	15	6	8	38	3600	4	1
11	15	6	15	19	3600	4	1
11	15	6	23	17	3600	4	1
11	15	6	31	9	3600	4	1
11	15	6	40	7	3600	4	1
11	15	6	48	0	0	1	1
11	15	12	0	7	3600	4	1
11	15	12	9	9	3600	4	1
11	15	12	17	17	3600	4	1
11	15	12	25	19	3600	4	1
11	15	12	33	38	3600	4	1
11	15	12	40	55	3600	4	1
11	15	12	48	80	3600	4	1
11	15	12	55	230	3600	4	1
11	15	13	2	410	3600	4	1
11	15	13	8	630	3600	4	1
11	15	13	15	1050	3600	4	1
11	15	13	22	1800	3600	4	1
11	15	13	28	1800	3650	4	1
11	15	13	34	1800	3700	4	1
11	16	5	17	1800	3650	4	1
11	16	5	23	1800	3600	4	1
11	16	5	30	1050	3600	4	1
11	16	5	36	630	3600	4	1
11	16	5	43	410	3600	4	1
11	16	5	50	230	3600	4	1
11	16	5	57	80	3600	4	1
11	16	6	4	55	3600	4	1
11	16	6	12	38	3600	4	1
11	16	6	19	19	3600	4	1
11	16	6	27	17	3600	4	1
11	16	6	35	9	3600	4	1
11	16	6	44	7	3600	4	1
11	16	6	53	0	0	1	1
11	16	11	56	7	3600	4	1
11	16	12	5	9	3600	4	1
11	16	12	13	17	3600	4	1
11	16	12	21	19	3600	4	1
11	16	12	29	38	3600	4	1
11	16	12	37	55	3600	4	1
11	16	12	44	80	3600	4	1
11	16	12	52	230	3600	4	1
11	16	12	59	410	3600	4	1
11	16	13	5	630	3600	4	1
11	16	13	12	1050	3600	4	1
11	16	13	19	1800	3600	4	1
11	16	13	25	1800	3650	4	1
11	16	13	32	1800	3700	4	1
11	17	5	20	1800	3650	4	1
11	17	5	27	1800	3600	4	1
11	17	5	33	1050	3600	4	1
11	17	5	40	630	3600	4	1
11	17	5	47	410	3600	4	1
11	17	5	53	230	3600	4	1
11	17	6	1	80	3600	4	1
11	17	6	8	55	3600	4	1
11	17	6	15	38	3600	4	1
11	17	6	23	19	3600	4	1
11	17	6	31	17	3600	4	1
11	17	6	40	9	3600	4	1
11	17	6	48	7	3600	4	1
11	17	6	58	0	0	1	1
11	17	11	52	7	3600	4	1
11	17	12	1	9	3600	4	1
11	17	12	9	17	3600	4	1
11	17	12	18	19	3600	4	1
11	17	12	26	38	3600	4	1
11	17	12	34	55	3600	4	1
11	17	12	41	80	3600	4	1
11	17	12	48	230	3600	4	1
11	17	12	56	410	3600	4	1
11	17	13	3	630	3600	4	1
11	17	13	9	1050	3600	4	1
11	17	13	16	1800	3600	4	1
11	17	13	23	1800	3650	4	1
11	17	13	29	1800	3700	4	1
11	18	5	23	1800	3650	4	1
11	18	5	30	1800	3600	4	1
11	18	5	36	1050	3600	4	1
11	18	5	43	630	3600	4	1
11	18	5	50	410	3600	4	1
11	18	5	57	230	3600	4	1
11	18	6	4	80	3600	4	1
11	18	6	12	55	3600	4	1
11	18	6	19	38	3600	4	1
11	18	6	27	19	3600	4	1
11	18	6	35	17	3600	4	1
11	18	6	44	9	3600	4	1
11	18	6	53	7	3600	4	1
11	18	7	2	0	0	1	1
11	18	11	47	7	3600	4	1
11	18	11	57	9	3600	4	1
11	18	12	6	17	3600	4	1
11	18	12	14	19	3600	4	1
11	18	12	22	38	3600	4	1
11	18	12	30	55	3600	4	1
11	18	12	38	80	3600	4	1
11	18	12	45	230	3600	4	1
11	18	12	53	410	3600	4	1
11	18	13	0	630	3600	4	1
11	18	13	6	1050	3600	4	1
11	18	13	13	1800	3600	4	1
11	18	13	20	1800	3650	4	1
11	18	13	26	1800	3700	4	1
11	19	5	25	1800	3650	4	1
11	19	5	33	1800	3600	4	1
11	19	5	39	1050	3600	4	1
11	19	5	46	630	3600	4	1
11	19	5	53	410	3600	4	1
11	19	6	0	230	3600	4	1
11	19	6	8	80	3600	4	1
11	19	6	15	55	3600	4	1
11	19	6	23	38	3600	4	1
11	19	6	31	19	3600	4	1
11	19	6	39	17	3600	4	1
11	19	6	48	9	3600	4	1
11	19	6	57	7	3600	4	1
11	19	7	7	0	0	1	1
11	19	11	43	7	3600	4	1
11	19	11	53	9	3600	4	1
11	19	12	2	17	3600	4	1
11	19	12	11	19	3600	4	1
11	19	12	19	38	3600	4	1
11	19	12	27	55	3600	4	1
11	19	12	35	80	3600	4	1
11	19	12	42	230	3600	4	1
11	19	12	50	410	3600	4	1
11	19	12	57	630	3600	4	1
11	19	13	4	1050	3600	4	1
11	19	13	11	1800	3600	4	1
11	19	13	17	1800	3650	4	1
11	19	13	24	1800	3700	4	1
11	20	5	29	1800	3650	4	1
11	20	5	36	1800	3600	4	1
11	20	5	43	1050	3600	4	1
11	20	5	49	630	3600	4	1
11	20	5	57	410	3600	4	1
11	20	6	4	230	3600	4	1
11	20	6	11	80	3600	4	1
11	20	6	19	55	3600	4	1
11	20	6	27	38	3600	4	1
11	20	6	35	19	3600	4	1
11	20	6	43	17	3600	4	1
11	20	6	52	9	3600	4	1
11	20	7	2	7	3600	4	1
11	20	7	12	0	0	1	1
11	20	11	39	7	3600	4	1
11	20	11	49	9	3600	4	1
11	20	11	58	17	3600	4	1
11	20	12	7	19	3600	4	1
11	20	12	16	38	3600	4	1
11	20	12	24	55	3600	4	1
11	20	12	32	80	3600	4	1
11	20	12	39	230	3600	4	1
11	20	12	47	410	3600	4	1
11	20	12	54	630	3600	4	1
11	20	13	1	1050	3600	4	1
11	20	13	8	1800	3600	4	1
11	20	13	15	1800	3650	4	1
11	20	13	21	1800	3700	4	1
11	21	5	32	1800	3650	4	1
11	21	5	39	1800	3600	4	1
11	21	5	46	1050	3600	4	1
11	21	5	53	630	3600	4	1
11	21	6	0	410	3600	4	1
11	21	6	7	230	3600	4	1
11	21	6	15	80	3600	4	1
11	21	6	22	55	3600	4	1
11	21	6	30	38	3600	4	1
11	21	6	39	19	3600	4	1
11	21	6	47	17	3600	4	1
11	21	6	57	9	3600	4	1
11	21	7	6	7	3600	4	1
11	21	7	16	0	0	1	1
11	21	11	35	7	3600	4	1
11	21	11	45	9	3600	4	1
11	21	11	55	17	3600	4	1
11	21	12	4	19	3600	4	1
11	21	12	12	38	3600	4	1
11	21	12	21	55	3600	4	1
11	21	12	29	80	3600	4	1
11	21	12	36	230	3600	4	1
11	21	12	44	410	3600	4	1
11	21	12	51	630	3600	4	1
11	21	12	58	1050	3600	4	1
11	21	13	5	1800	3600	4	1
11	21	13	12	1800	3650	4	1
11	21	13	19	1800	3700	4	1
11	22	5	35	1800	3650	4	1
11	22	5	42	1800	3600	4	1
11	22	5	49	1050	3600	4	1
11	22	5	56	630	3600	4	1
11	22	6	3	410	3600	4	1
11	22	6	10	230	3600	4	1
11	22	6	18	80	3600	4	1
11	22	6	26	55	3600	4	1
11	22	6	34	38	3600	4	1
11	22	6	43	19	3600	4	1
11	22	6	51	17	3600	4	1
11	22	7	1	9	3600	4	1
11	22	7	11	7	3600	4	1
11	22	7	21	0	0	1	1
11	22	11	30	7	3600	4	1
11	22	11	41	9	3600	4	1
11	22	11	51	17	3600	4	1
11	22	12	0	19	3600	4	1
11	22	12	9	38	3600	4	1
11	22	12	18	55	3600	4	1
11	22	12	26	80	3600	4	1
11	22	12	34	230	3600	4	1
11	22	12	41	410	3600	4	1
11	22	12	49	630	3600	4	1
11	22	12	56	1050	3600	4	1
11	22	13	3	1800	3600	4	1
11	22	13	10	1800	3650	4	1
11	22	13	16	1800	3700	4	1
11	23	5	38	1800	3650	4	1
11	23	5	45	1800	3600	4	1
11	23	5	52	1050	3600	4	1
11	23	5	59	630	3600	4	1
11	23	6	6	410	3600	4	1
11	23	6	14	230	3600	4	1
11	23	6	21	80	3600	4	1
11	23	6	29	55	3600	4	1
11	23	6	38	38	3600	4	1
11	23	6	46	19	3600	4	1
11	23	6	55	17	3600	4	1
11	23	7	5	9	3600	4	1
11	23	7	15	7	3600	4	1
11	23	7	26	0	0	1	1
11	23	11	26	7	3600	4	1
11	23	11	37	9	3600	4	1
11	23	11	47	17	3600	4	1
11	23	11	57	19	3600	4	1
11	23	12	6	38	3600	4	1
11	23	12	14	55	3600	4	1
11	23	12	23	80	3600	4	1
11	23	12	31	230	3600	4	1
11	23	12	38	410	3600	4	1
11	23	12	46	630	3600	4	1
11	23	12	53	1050	3600	4	1
11	23	13	0	1800	3600	4	1
11	23	13	7	1800	3650	4	1
11	23	13	14	1800	3700	4	1
11	24	5	41	1800	3650	4	1
11	24	5	48	1800	3600	4	1
11	24	5	55	1050	3600	4	1
11	24	6	2	630	3600	4	1
11	24	6	9	410	3600	4	1
11	24	6	17	230	3600	4	1
11	24	6	25	80	3600	4	1
11	24	6	33	55	3600	4	1
11	24	6	41	38	3600	4	1
11	24	6	50	19	3600	4	1
11	24	6	59	17	3600	4	1
11	24	7	9	9	3600	4	1
11	24	7	20	7	3600	4	1
11	24	7	21	0	0	1	1
11	24	11	22	7	3600	4	1
11	24	11	33	9	3600	4	1
11	24	11	43	17	3600	4	1
11	24	11	53	19	3600	4	1
11	24	12	2	38	3600	4	1
11	24	12	11	55	3600	4	1
11	24	12	20	80	3600	4	1
11	24	12	28	230	3600	4	1
11	24	12	36	410	3600	4	1
11	24	12	43	630	3600	4	1
11	24	12	51	1050	3600	4	1
11	24	12	58	1800	3600	4	1
11	24	13	5	1800	3650	4	1
11	24	13	12	1800	3700	4	1
11	25	5	44	1800	3650	4	1
11	25	5	51	1800	3600	4	1
11	25	5	58	1050	3600	4	1
11	25	6	5	630	3600	4	1
11	25	6	13	410	3600	4	1
11	25	6	20	230	3600	4	1
11	25	6	28	80	3600	4	1
11	25	6	36	55	3600	4	1
11	25	6	45	38	3600	4	1
11	25	6	54	19	3600	4	1
11	25	7	3	17	3600	4	1
11	25	7	13	9	3600	4	1
11	25	7	24	7	3600	4	1
11	25	7	36	0	0	1	1
11	25	11	18	7	3600	4	1
11	25	11	29	9	3600	4	1
11	25	11	40	17	3600	4	1
11	25	11	50	19	3600	4	1
11	25	11	59	38	3600	4	1
11	25	12	8	55	3600	4	1
11	25	12	17	80	3600	4	1
11	25	12	25	230	3600	4	1
11	25	12	33	410	3600	4	1
11	25	12	41	630	3600	4	1
11	25	12	48	1050	3600	4	1
11	25	12	56	1800	3600	4	1
11	25	13	3	1800	3650	4	1
11	25	13	9	1800	3700	4	1
11	26	5	47	1800	3650	4	1
11	26	5	54	1800	3600	4	1
11	26	6	1	1050	3600	4	1
11	26	6	8	630	3600	4	1
11	26	6	16	410	3600	4	1
11	26	6	23	230	3600	4	1
11	26	6	32	80	3600	4	1
11	26	6	40	55	3600	4	1
11	26	6	49	38	3600	4	1
11	26	6	58	19	3600	4	1
11	26	7	7	17	3600	4	1
11	26	7	18	9	3600	4	1
11	26	7	29	7	3600	4	1
11	26	7	41	0	0	1	1
11	26	11	13	7	3600	4	1
11	26	11	25	9	3600	4	1
11	26	11	36	17	3600	4	1
11	26	11	47	19	3600	4	1
11	26	11	56	38	3600	4	1
11	26	12	6	55	3600	4	1
11	26	12	14	80	3600	4	1
11	26	12	23	230	3600	4	1
11	26	12	31	410	3600	4	1
11	26	12	38	630	3600	4	1
11	26	12	46	1050	3600	4	1
11	26	12	53	1800	3600	4	1
11	26	13	0	1800	3650	4	1
11	26	13	7	1800	3700	4	1
11	27	5	49	1800	3650	4	1
11	27	5	56	1800	3600	4	1
11	27	6	4	1050	3600	4	1
11	27	6	11	630	3600	4	1
11	27	6	19	410	3600	4	1
11	27	6	27	230	3600	4	1
11	27	6	35	80	3600	4	1
11	27	6	43	55	3600	4	1
11	27	6	52	38	3600	4	1
11	27	7	1	19	3600	4	1
11	27	7	11	17	3600	4	1
11	27	7	22	9	3600	4	1
11	27	7	33	7	3600	4	1
11	27	7	46	0	0	1	1
11	27	11	9	7	3600	4	1
11	27	11	21	9	3600	4	1
11	27	11	33	17	3600	4	1
11	27	11	43	19	3600	4	1
11	27	11	53	38	3600	4	1
11	27	12	3	55	3600	4	1
11	27	12	12	80	3600	4	1
11	27	12	20	230	3600	4	1
11	27	12	28	410	3600	4	1
11	27	12	36	630	3600	4	1
11	27	12	44	1050	3600	4	1
11	27	12	51	1800	3600	4	1
11	27	12	58	1800	3650	4	1
11	27	13	5	1800	3700	4	1
11	28	5	52	1800	3650	4	1
11	28	5	59	1800	3600	4	1
11	28	6	6	1050	3600	4	1
11	28	6	14	630	3600	4	1
11	28	6	22	410	3600	4	1
11	28	6	30	230	3600	4	1
11	28	6	38	80	3600	4	1
11	28	6	46	55	3600	4	1
11	28	6	56	38	3600	4	1
11	28	7	5	19	3600	4	1
11	28	7	15	17	3600	4	1
11	28	7	26	9	3600	4	1
11	28	7	38	7	3600	4	1
11	28	7	51	0	0	1	1
11	28	11	4	7	3600	4	1
11	28	11	18	9	3600	4	1
11	28	11	29	17	3600	4	1
11	28	11	40	19	3600	4	1
11	28	11	50	38	3600	4	1
11	28	12	0	55	3600	4	1
11	28	12	9	80	3600	4	1
11	28	12	18	230	3600	4	1
11	28	12	26	410	3600	4	1
11	28	12	34	630	3600	4	1
11	28	12	41	1050	3600	4	1
11	28	12	49	1800	3600	4	1
11	28	12	56	1800	3650	4	1
11	28	13	3	1800	3700	4	1
11	29	5	55	1800	3650	4	1
11	29	6	2	1800	3600	4	1
11	29	6	9	1050	3600	4	1
11	29	6	17	630	3600	4	1
11	29	6	25	410	3600	4	1
11	29	6	33	230	3600	4	1
11	29	6	41	80	3600	4	1
11	29	6	50	55	3600	4	1
11	29	6	59	38	3600	4	1
11	29	7	9	19	3600	4	1
11	29	7	19	17	3600	4	1
11	29	7	30	9	3600	4	1
11	29	7	42	7	3600	4	1
11	29	7	56	0	0	1	1
11	29	11	0	7	3600	4	1
11	29	11	14	9	3600	4	1
11	29	11	26	17	3600	4	1
11	29	11	37	19	3600	4	1
11	29	11	47	38	3600	4	1
11	29	11	57	55	3600	4	1
11	29	12	6	80	3600	4	1
11	29	12	15	230	3600	4	1
11	29	12	24	410	3600	4	1
11	29	12	32	630	3600	4	1
11	29	12	39	1050	3600	4	1
11	29	12	47	1800	3600	4	1
11	29	12	57	1800	3650	4	1
11	29	13	1	1800	3700	4	1
11	30	5	57	1800	3650	4	1
11	30	6	4	1800	3600	4	1
11	30	6	12	1050	3600	4	1
11	30	6	20	630	3600	4	1
11	30	6	27	410	3600	4	1
11	30	6	36	230	3600	4	1
11	30	6	44	80	3600	4	1
11	30	6	53	55	3600	4	1
11	30	7	2	38	3600	4	1
11	30	7	12	19	3600	4	1
11	30	7	23	17	3600	4	1
11	30	7	34	9	3600	4	1
11	30	7	47	7	3600	4	1
11	30	8	1	0	0	1	1
11	30	10	56	7	3600	4	1
11	30	11	10	9	3600	4	1
11	30	11	23	17	3600	4	1
11	30	11	34	19	3600	4	1
11	30	11	45	38	3600	4	1
11	30	11	55	55	3600	4	1
11	30	12	4	80	3600	4	1
11	30	12	13	230	3600	4	1
11	30	12	21	410	3600	4	1
11	30	12	29	630	3600	4	1
11	30	12	37	1050	3600	4	1
11	30	12	45	1800	3600	4	1
11	30	12	52	1800	3650	4	1
11	30	13	0	1800	3700	4	1
12	1	6	0	1800	3650	4	1
12	1	6	7	1800	3600	4	1
12	1	6	15	1050	3600	4	1
12	1	6	22	630	3600	4	1
12	1	6	30	410	3600	4	1
12	1	6	38	230	3600	4	1
12	1	6	47	80	3600	4	1
12	1	6	56	55	3600	4	1
12	1	7	6	38	3600	4	1
12	1	7	16	19	3600	4	1
12	1	7	27	17	3600	4	1
12	1	7	38	9	3600	4	1
12	1	7	52	7	3600	4	1
12	1	8	7	0	0	1	1
12	1	10	51	7	3600	4	1
12	1	11	6	9	3600	4	1
12	1	11	19	17	3600	4	1
12	1	11	31	19	3600	4	1
12	1	11	42	38	3600	4	1
12	1	11	52	55	3600	4	1
12	1	12	2	80	3600	4	1
12	1	12	11	230	3600	4	1
12	1	12	19	410	3600	4	1
12	1	12	27	630	3600	4	1
12	1	12	35	1050	3600	4	1
12	1	12	43	1800	3600	4	1
12	1	12	51	1800	3650	4	1
12	1	12	58	1800	3700	4	1
12	2	6	2	1800	3650	4	1
12	2	6	10	1800	3600	4	1
12	2	6	17	1050	3600	4	1
12	2	6	25	630	3600	4	1
12	2	6	33	410	3600	4	1
12	2	6	41	230	3600	4	1
12	2	6	50	80	3600	4	1
12	2	6	59	55	3600	4	1
12	2	7	9	38	3600	4	1
12	2	7	19	19	3600	4	1
12	2	7	30	17	3600	4	1
12	2	7	42	9	3600	4	1
12	2	7	56	7	3600	4	1
12	2	8	12	0	0	1	1
12	2	10	47	7	3600	4	1
12	2	11	2	9	3600	4	1
12	2	11	16	17	3600	4	1
12	2	11	28	19	3600	4	1
12	2	11	39	38	3600	4	1
12	2	11	50	55	3600	4	1
12	2	11	59	80	3600	4	1
12	2	12	8	230	3600	4	1
12	2	12	17	410	3600	4	1
12	2	12	26	630	3600	4	1
12	2	12	34	1050	3600	4	1
12	2	12	41	1800	3600	4	1
12	2	12	49	1800	3650	4	1
12	2	12	56	1800	3700	4	1
12	3	6	4	1800	3650	4	1
12	3	6	11	1800	3600	4	1
12	3	6	19	1050	3600	4	1
12	3	6	27	630	3600	4	1
12	3	6	35	410	3600	4	1
12	3	6	43	230	3600	4	1
12	3	6	52	80	3600	4	1
12	3	7	1	55	3600	4	1
12	3	7	11	38	3600	4	1
12	3	7	22	19	3600	4	1
12	3	7	33	17	3600	4	1
12	3	7	46	9	3600	4	1
12	3	8	0	7	3600	4	1
12	3	8	16	0	0	1	1
12	3	10	43	7	3600	4	1
12	3	11	0	9	3600	4	1
12	3	11	14	17	3600	4	1
12	3	11	26	19	3600	4	1
12	3	11	37	38	3600	4	1
12	3	11	48	55	3600	4	1
12	3	11	58	80	3600	4	1
12	3	12	7	230	3600	4	1
12	3	12	16	410	3600	4	1
12	3	12	24	630	3600	4	1
12	3	12	32	1050	3600	4	1
12	3	12	40	1800	3600	4	1
12	3	12	48	1800	3650	4	1
12	3	12	55	1800	3700	4	1
12	4	6	7	1800	3650	4	1
12	4	6	14	1800	3600	4	1
12	4	6	22	1050	3600	4	1
12	4	6	30	630	3600	4	1
12	4	6	38	410	3600	4	1
12	4	6	47	230	3600	4	1
12	4	6	56	80	3600	4	1
12	4	7	5	55	3600	4	1
12	4	7	15	38	3600	4	1
12	4	7	26	19	3600	4	1
12	4	7	38	17	3600	4	1
12	4	7	50	9	3600	4	1
12	4	8	5	7	3600	4	1
12	4	8	23	0	0	1	1
12	4	10	37	7	3600	4	1
12	4	10	55	9	3600	4	1
12	4	11	10	17	3600	4	1
12	4	11	23	19	3600	4	1
12	4	11	34	38	3600	4	1
12	4	11	45	55	3600	4	1
12	4	11	55	80	3600	4	1
12	4	12	4	230	3600	4	1
12	4	12	13	410	3600	4	1
12	4	12	22	630	3600	4	1
12	4	12	30	1050	3600	4	1
12	4	12	38	1800	3600	4	1
12	4	12	46	1800	3650	4	1
12	4	12	53	1800	3700	4	1
12	5	6	9	1800	3650	4	1
12	5	6	17	1800	3600	4	1
12	5	6	24	1050	3600	4	1
12	5	6	32	630	3600	4	1
12	5	6	41	410	3600	4	1
12	5	6	49	230	3600	4	1
12	5	6	58	80	3600	4	1
12	5	7	8	55	3600	4	1
12	5	7	18	38	3600	4	1
12	5	7	29	19	3600	4	1
12	5	7	41	17	3600	4	1
12	5	7	54	9	3600	4	1
12	5	8	10	7	3600	4	1
12	5	8	29	0	0	1	1
12	5	10	32	7	3600	4	1
12	5	10	51	9	3600	4	1
12	5	11	7	17	3600	4	1
12	5	11	20	19	3600	4	1
12	5	11	32	38	3600	4	1
12	5	11	43	55	3600	4	1
12	5	11	53	80	3600	4	1
12	5	12	3	230	3600	4	1
12	5	12	12	410	3600	4	1
12	5	12	20	630	3600	4	1
12	5	12	29	1050	3600	4	1
12	5	12	37	1800	3600	4	1
12	5	12	44	1800	3650	4	1
12	5	12	52	1800	3700	4	1
12	6	6	11	1800	3650	4	1
12	6	6	19	1800	3600	4	1
12	6	6	27	1050	3600	4	1
12	6	6	35	630	3600	4	1
12	6	6	43	410	3600	4	1
12	6	6	52	230	3600	4	1
12	6	7	1	80	3600	4	1
12	6	7	11	55	3600	4	1
12	6	7	21	38	3600	4	1
12	6	7	32	19	3600	4	1
12	6	7	44	17	3600	4	1
12	6	7	58	9	3600	4	1
12	6	8	14	7	3600	4	1
12	6	8	33	0	0	1	1
