             4278        4861        5577        6300        4907        3200
 -0.49    0     0     0     0     0     0     0     0     0     0      0    0
 -0.5     0     0     0     0     5  3400     0     0     0     0    110    0
 -1.0     0     0     0     0     5  3500     0     0     0     0    220    0
 -1.5     0     0     0     0     5  3600     0     0     0     0    330    0
 -2.0     0     0     0     0    10  3600     0     0     0     0    550    0
 -2.5     0     0     0     0    20  3600     0     0     0     0   1100    0
 -3.0     0     0     0     0    30  3600     0     0    3000   0   2200    0
 -3.5     0     0     0     0    50  3600     0     0    5000   0   3300    0
 -4.0     0     0     0     0   100  3600     0     0   10000   0   5500    0
 -4.5     0     0     0     0   200  3600     0     0   20000   0  11000    0
 -5.0     0     0     0     0   400  3600     0     0   40000   0  22000    0
 -5.5     0     0     0     0   600  3600     0     0   60000   0  33000    0
 -6.0   400  3600   150  3600  1000  3600    700    0  100000   0  55000    0
 -6.5   700  3600   300  3600  1800  3600   1200    0  180000   0      1    1
 -7.0  1000  3600   500  3600  2300  3600   2000    0  320000   0      1    1
 -7.5  1500  3600   800  3600  2300  3650   4000    0  420000   0      1    1
 -8.0  3000  3600  1500  3600  2300  3700   8000    0  700000   0      1    1
 -8.5  4000  3600  3000  3600     1     1  12000    0  900000   3      1    1
 -9.0  6000  3600  5000  3600     1     1  19600    0  900000   6      1    1
 -9.5  9800  3600  8000  3600     1     1     1     1  900000  10      1    1
-10.0  9900  3700 12000  3600     1     1     1     1  900000  15      1    1
-10.5     1     1 17000  3600     1     1     1     1  900000  20      1    1
-11.0     1     1 19900  3700     1     1     1     1  900000  25      1    1
-11.5     1     1     1     1     1     1     1     1     1     1      1    1
-12.0     1     1     1     1     1     1     1     1     1     1      1    1